2349 2486 2622 2513 2490 2076 2444 2515 2170 2650 2466 1924 1988 1992 2207 2255 2320 2401 2426
852 755 850 753 777 846 749 808 711 855 758 761 853 756 828 731 687 836 739 789 692 837 740 838 741 839 742 840 743 841 744 842 745 843 746 890 693 696 844 747 845 748 847 750 848 751 849 752 851 754 854 856 759 869 780 686 880 831 734 690 688 689 786 691 694 695 697 699 700 701 702 703 704 705 706 707 708 709 710 712 713 714 715 716 717 718 719 720 721 722 723 724 725 726 727 728 730 757 760 763 764 765 762 767 768 769 766 770 773 774 771 775 772 781 778 782 779 784 785 783 787 790 794 791 795 792 796 793 797 798 799 800 801 802 803 805 806 809 810 807 812 811 816 813 817 814 818 815 819 820 821 822 823 824 826 829 827 735 732 832 736 733 833 830 834 835 737 788 738
858 881 863 859 882 870 729 776 860 883 871 861 884 872 825 864 866 867 873 874 875 876 877 878 879 885 886 698 887 888 889 891 892 893 894 895 804
369 380 357 518 457 381 469 477 486 509 505 459 551 516 424 554 435
198 393 351 364 441 399 454 476 564 501
3204 2719 3113 3201 2716 3345 3148 3350 3239 2845 3262 3212 3306 3109 3209 3406 3353 3352 2958 2770 3281 3378 2796 3270 2876 3367 2973 3170 3240 2846 3434 3287 3396 3199 3206 3403 3009 3347 3150 2765 3260 3261 3355 3258 3265 2674 2780 3267 3070 2976 3272 3419 2828 3319 3416 3274 3321 3224 3277 3280 3377 3288 2894 3335 3291 3094 3296 3005 3297 3344 2753 2950 3247 2853 3316 3320 3330 2936 2748 3332 3235 3038 3342 3145 3351 3360 2778 3172 3381 3386 2992 3391 3194 2712 3106 3397 3411 3017 3422 3225 2869 2672 3011 2720 3179 2785 3079 3101 3298 2904 3111 2914 2661 3252 2684 2881 2781 3175 2687 2701 2708 3299 3102 2722 3116 2733 2742 2939 2793 2797 2802 2823 2833 2840 2849 3046 2855 2863 3060 2875 2901 2937 2965 2970 2980 2989 2991 3188 3013 3016 3021 3035 3039 3041 3049 3051 3058 3076 3082 3088 3089 3112 3115 3120 3132 3140 3146 3152 3160 3169 3182 3185 3197 3198
2538 2585 2620 2660 2284 2378 2636 1957 2647 1968 2459 2640 1973 2157 2627 1972 1995 2018 1921 2159 1991 1998 2192 1951 2001 2583 2024 1927 2494 2009 2447 2116 1928 2025 2633 2004 2027 1980 2659 2171 2365 2225 2648 2337 1914 2011 2364 1976 2012 2626 2639 2657 2645 2658 1919 2016 1931 1935 1950 2435 1958 2346 1999 2000 2097 2006 2297 2013 2014 2050 2061 2202 2022
1225 1624 1033 1818 1421 1030 1023 1640 1246 1687 935 1808 1217 1627 1709 1906 1806 1686 1654 924 1121 1830 1433 1042 1630 1236 1633 928 1325 1657 1260 1252 1658 1264 979 1705 1308 1681 1090 1002 1664 1073 985 912 1897 1500 1109 1785 1194 1667 1244 1869 1472 1698 910 1307 900 1676 1699 1896 1499 908 1696 1299 1105 1781 1005 1202 1599 909 1703 1306 1106 1713 1910 914 1708 1311 1111 1011 1208 913 1310 1010 1134 1531 1731 937 943 1634 1043 1743 949 1152 931 1725 1328 1719 1739 1342 939 1727 1136 940 1141 1745 1348 1154 1748 1749 955 950 1738 944 956 1168 986 964 965 1759 1362 1162 1756 1770 970 1167 974 1762 968 1776 977 1174 1788 994 1000 1197 1803 1212 1013 1807 1410 1814 1815 1418 1027 1016 1607 1213 1825 1428 1037 1831 1234 1041 1035 1829 1052 1249 1646 1045 1046 1840 1443 1051 1248 1053 1847 1057 1254 1061 1855 1258 1062 1259 1064 1275 1672 1070 1071 1268 1072 1866 1469 1876 1889 1492 1089 1890 1093 1094 1098 1295 1901 1504 1904 1507 1127 1131 1138 1139 1536 1144 1541 389 1183 1177 1159 1169 1566 1170 1567 1187 1188 1189 1586 1200 1203 1218 1615 1226 1228 1247 1251 1253 1650 1274 1296 1304 1338 1343 1354 1355 1356 1360 1364 1366 1368 1372 1385 1403 1412 1415 1436 1444 1445 1453 1455 1473 1474 1478 1481 1482 1494 1496 1497 1510 1511 1525 1529 1546 1555 1562 1569 1575 1579 1588 1593
2052 2502 2032 2183 1912 2203 2597 2649 2252 2452 2510 2135 2529 2132 2332 1577 1974 2589 2007 2598 2072 2635 2241 2247 2653 2256 2062 1926 2517 1932 2223 2617 2420 2026 2417 2127 2224 1945 2042 2239 2039 2436 2333 2530 2133 2327 1465 2259 2629 2232 2038 2047 1955 2149 2143 2537 2102 2496 2099 2199 2596 2111 2508 2505 2511 1920 2138 2153 2547 2250 2053 1959 2174 2571 2568 2180 2377 2471 2189 2458 2267 2461 2264 2268 2071 2465 2068 2279 2283 2480 2289 2292 2302 2319 2516 2028 2425 2125 2522 2519 2336 1939 2533 1948 2345 2384 1987 2187 2398 2445 2048 2642 2451 2054 2254 2651 2463 2066 2472 2075 2475 2081 2087 2491 2294 2065 2148 1994 2194 2588 2191 2196 2198 2592 2195 2282 2479 2285 2293 2315 2512 1718 2328 2525 2128 2338 1941 2368 2372 2569 2385 2582 2185 2399 2002 2501 2509 2555 1964 2567 2608 2211 1913 2310 1916 1940 2137 2531 2134 1954 2351 2151 2010 2101 2498 2298 2163 2557 2176 2215 2612 2609 2246 2643 2273 2470 2295 2343 2344 1947 2541 2144 2355 2389 2394 2413 2419 2616 2219 2544 2594 2605 2208 2029 2036 2182 2280 2367 1970 2453 2457 2473 2493 2096 2514 2117 2518 136 2566 2169 2572 2175 2581 2599 2603 2610 2637 2641 2652 1923 1944 1952 1969 2366 1977 1981 1982 2379 2003 2400 2057 2079 2085 2110 2141 2145 2155 2161 2177 2186 2205 2209 2214 2221 2222 2226 2230 2249 2265 2269 2270 2272 2274 2291 2296 2304 2305 2312 2318 2322 2325 2330 2358 2362 2382 2390 2396 2406 2415 2416 2031 2432 2434 2235 2438 2242 2243
584 631 678 596 619 666 579 626 590 684 622 598 597 644 574 621 620 573 682 611 589 612 592 639 603 605 609 616 663 617 664 618 623 653 654 655 657 660 672 575 625 677 630 679 680 685 588 633 636
3465 3476 3571 3519 3910 3579 3675 3836 3708 3774 3701 3757 3759 3899 3957 3965 3975 3837
3251 3372 2902 2930 2732 3131 3180 3181
2638 2462 2559 2165 2542 2347 2150 2112 2309 2546 2543 2446 2077 2303 1918 2115 2468 2074 2271 2200 2482 2579 2386 1989 2586 2454 2060 2354 2266 2069 2654 2257 2063 2460 2140 2507 2604 1925 2122 2467 2073 2564 2469 2275 2078 2476 2573 2477 2083 2574 1983 2524 1942 2339 2139 2536 2478 2084 2575 1984 2381 2484 2090 2287 2485 2088 2288 2532 2492 2095 2098 2495 2395 2539 2142 2499 1917 2311 2504 2307 2601 1938 2521 2124 2324 2526 2329 2623 2229 2545 2348 2549 2352 2646 2449 2055 2550 2353 2552 2553 1962 2359 2554 1963 2556 2560 2563 2576 2179 1985 2578 2184 2584 1993 2190 2590 2591 2593 2600 2206 2602 2606 2212 2607 2210 2213 2611 2619 2624 2625 1946 2340 1943 2630 2233 2631 2234 2237 2064 2261 2323 1966 2363 1971 1979 2376 1986 2383 1997 2005 2037 2045 2442 2046 2443 2056 2253 2058 2059 2067 2464 2086 2092 2489 2093 2290 2103 2500 2300 2104 2108 2109 2506 2306 2118 2121 2123 2520 2131 2136 2147 2154 2551 2164 2561 2172 2188 2201 2216 2613 2218 2615 2220 2258 2655 2262 2276 2278 2299 2308 2326 1929 2331 2334 2350 1953 2356 2369 2370 2374 2387 2391 2392 2393 2404 2407 2408 2409 2410 2414 2418 2021 2019 2020 2423 2427 2030 2428 2429 2430 2033 2433 2240 2040 2043 2244 2044
898 945 1661 1273 971 1649 1261 919 1812 942 1729 933 1515 1732 1638 941 1742 1451 1281 1704 1316 954 1245 1706 1894 1215 1783 1786 1495 1081 984 1014 917 1907 1108 1820 1406 1794 1018 1309 1503 1824 1871 1166 1828 1032 1848 1751 1143 1850 1066 969 1454 1893 1020 1099 1102 1103 1241 1282 1303 1324 1373 1382 1396 1429 1489 1502 1508 1582 1595
3203 2806 3400 3300 2903 3226 2829 3323 3214 2817 3255 2858 3231 3428 3328 3205 2808 3402 3228 2831 3425 3216 2819 3413 3019 3313 2916 3263 2866 3407 3307 2910 2728 3257 2860 3207 2810 3404 2813 3210 3304 2907 3057 3208 2811 3405 3305 2908 3427 3327 3211 3408 3308 2911 3213 2816 3410 3310 2913 3215 2818 3412 3312 2915 3217 2820 3414 3315 2918 2724 3219 2822 3220 3417 3020 3317 2920 3221 2824 3418 3222 2825 3223 2826 3420 3227 2830 3424 3324 3229 2832 3426 3326 3232 2835 3429 3329 3233 2836 3430 3234 2837 3431 3034 3331 2839 3433 3333 3136 2739 3237 3334 3238 2841 3435 1450 3044 3241 2844 3242 1666 3254 2857 3339 3243 3340 3244 1656 3250 2847 3245 2848 3246 3248 2851 1642 3236 3230 3218 2821 3415 3249 2852 3253 2856 3256 2859 3259 2862 3264 2867 3266 3268 2871 2677 3269 2872 2678 3271 2874 3273 3275 2878 3276 3278 1684 1505 3099 2696 1726 2917 3302 2905 3279 2882 3282 3284 2887 3285 2888 3286 2892 3289 3292 2895 3294 2897 3295 2898 3293 2896 3301 3303 2906 3322 3336 3337 3341 3343 2752 3346 3348 3349 3354 990 3356 3357 3358 3359 2962 3162 3361 2964 3164 3362 3363 3364 3365 2968 3168 2771 3366 2775 3368 2971 3369 3370 3173 2776 3371 3373 3374 3375 3178 3376 2979 3379 3380 3383 3384 3385 3387 3388 3389 3390 3392 3393 3394 3395 3001 3398 3399 3401 3409 3421 3432 3436 2760 2883 2941 3338 3100 2725 1534 3128 2734 1140 2764 3062 2665 3165 2768 2693 2938 2999 3097 2700 2707 3186 2789 2662 2663 2664 2666 2667 2668 2669 2671 2673 2675 2676 2679 2680 2681 2682 2683 2685 2686 2688 2689 2690 2691 2692 2694 2695 2697 2698 2702 2705 2706 2709 2710 2711 2713 2714 2715 2717 2718 2721 2723 2726 2727 2729 2730 2731 2735 2736 2737 2738 2741 2743 2744 2745 2746 2747 2749 2750 2751 2754 2755 2756 2757 2758 2759 2761 2762 2763 2766 2769 2772 2773 2774 2777 2779 2782 2783 2784 2786 2787 2788 2790 2791 2792 2794 2795 2798 2799 2800 2801 2803 2804 2805 2807 2809 2812 2815 2827 2842 2843 2850 2854 2861 2864 2865 2868 2870 2873 2877 2880 2884 2886 2890 2891 2893 2899 2900 2909 2912 2919 2921 2922 2923 2924 2925 2926 2927 2928 2929 2931 2932 2933 2934 2935 2940 2942 2943 2944 2945 2946 2947 2948 2949 2951 2952 2953 2954 2955 2956 2957 2960 2961 2963 2966 2967 2969 2974 2975 2977 2978 2981 2983 2984 2985 2986 2987 2988 2990 2993 2994 2995 2996 2997 2998 3000 3002 3004 3006 3007 3010 3012 3014 3015 3018 3022 3023 3024 3025 3026 3027 3028 3029 3030 3031 3032 3033 3036 3037 3040 3042 3043 3045 3047 3048 3050 3052 3053 3054 3055 3056 3059 3061 3063 3064 3065 3066 3067 3068 3069 3071 3072 3073 3074 3075 3077 3078 3080 3081 3083 3084 3085 3086 3087 3090 3091 3092 3093 3095 3096 3098 3103 3104 3105 3107 3108 3110 3114 3117 3118 3119 3121 3122 3123 3124 3125 3126 3127 3129 3130 3133 3134 3135 3137 3138 3139 3141 3142 3143 3144 3147 3149 3151 3153 3154 3155 3156 3157 3158 3159 3161 3163 3166 3167 3171 3174 3176 3177 3183 3184 3187 3189 3190 3191 3192 3193 3195 3196 3200 3202
406 400 483 386 414 538 447 484 387 517 420 448 354 566 372 569 428 367 361 558 407 604 648 451 353 550 547 350 450 358 555 430 418 471 374 571 474 377 481 384 581 669 472 475 378 489 683 392 348 545 445 520 423 359 556 674 383 349 546 446 352 549 449 355 552 356 553 360 557 362 559 363 560 365 562 366 563 368 565 370 567 371 568 373 570 173 375 572 376 382 385 388 585 390 587 391 1967 379 394 591 395 396 593 397 594 398 401 402 403 404 601 405 602 408 409 411 431 34 439 440 442 443 444 452 453 455 456 458 460 461 462 463 464 465 466 467 468 470 473 478 479 480 482 485 487 488 490 491 492 493 494 495 496 497 498 499 500 502 503 504 506 507 508 510 511 512 513 514 515 519 521 522 523 524 525 527 528 529 530 531 532 533 534 535 536 537 539 540 541 542 543 544 548 561 586 1777 607 608 610 613 614 624 642 645 646 649 651 652 656 667 668 671 673 676 410 412 413 416 417 419 421 422 425 426 429 432 433 634 434 436 437 427 415 638 438
53 196 242 24 254 300 346 101 92 299 180 249 80 57 94 187 302 194 204 266 330
6 89 219 95 147 319 327
1118 1733 1216 963 1837 901 1747 1371 903 1232 1892 1798 1629 958 1648 1601 1319 938 1784 1314 1186 1468 1787 1097 1802 992 1880 1363 1895 1378 1137 1333 1568 1424 1452 1493 1533 1548
3283 3382 3318 3309 3325 3311 3423 2670 3314 2703 2699 2767 2834 2972 2879 2889 2959 2982 3008
1655 1044 1432 896 1284 1381 1082 1129 1628 1720 1235 1015 1716 1231 1857 1611 1417 1691 1635 1636 957 1345 1728 1903 1104 1007 1298 1764 988 1279 975 1680 1292 1583 981 1036 1715 1009 1591 1019 1021 1115 1841 1647 1550 1859 1277 1060 1448 1862 989 1067 1872 902 1120 1873 1875 1884 1887 1596 1899 1414 1100 1682 1576 1479 1148 1158 1190 1578 1192 1204 1592 1221 1227 1229 1423 1257 1286 1315 1322 1347 1350 1379 1573 1392 1404 1413 1426 1438 1459 1462 1475 1587
3741 3544 3450 3847 3473 3437 3834 3621 3525 3517 3540 3443 3439 3568 3609 3797 3600 3440 3556 3750 3553 3459 3856 3592 3501 3830 3633 3442 3586 3550 3453 3850 3456 3853 3561 3651 3674 3477 3577 3721 3524 3677 3483 3877 3480 3490 3692 3495 3886 3489 3492 3723 3526 3756 3559 3779 3582 3488 865 3644 3484 3851 3454 3457 3854 3463 3860 857 3458 3855 862 3481 868 3647 3626 3487 3684 3946 3549 3552 3461 3858 3951 3554 3557 3466 3863 3964 3567 3570 3479 3438 3441 3444 3445 3842 3446 3843 3447 3844 3448 3845 3449 3846 3451 3848 3452 3849 3455 3852 3460 3857 3462 3859 3467 1085 3864 3861 3464 3468 3865 3469 3470 3471 3472 3474 3478 3872 3475 3482 3485 3486 3491 3493 3494 3496 3497 3498 3499 3500 3502 3503 3504 3505 3506 3507 3508 3509 3510 3511 3512 3513 3514 3515 3516 3518 3520 3521 3522 3523 3527 3528 3529 3530 3531 3532 3533 3534 3535 3536 3537 3538 3539 3541 3542 3543 3545 3546 3943 3547 3548 3551 3948 3555 3558 3560 3562 3563 3564 3961 3565 3962 3566 3569 3572 3573 3574 3575 3576 3578 3580 3581 3583 3584 3585 3587 3588 3589 3590 3591 3593 3594 3595 3596 3597 3598 3599 3601 3602 3603 3604 3605 3606 3607 3608 3610 3611 3612 3614 3634 3642 3643 3645 3646 3648 3649 3650 3652 3653 3654 3655 3656 3657 3658 3659 3660 3661 3662 3663 3664 3665 3666 3667 3668 3669 3670 3671 3672 3673 3676 3678 3679 3680 3681 3682 3683 3685 3686 3687 3688 3689 3690 3691 3693 3694 3695 3696 3697 3698 3699 3700 3702 3703 3704 3705 3706 3707 3709 3710 3711 3712 3713 3714 3715 3716 3717 3718 3719 3720 3722 3724 3725 3726 3727 3728 3729 3730 3731 3732 3733 3734 3735 3736 3737 3738 3739 3740 3742 3743 3744 3745 3746 3747 3748 3749 3751 3752 3753 3754 3755 3758 3760 3761 3762 3763 3764 3765 3766 3767 3768 3769 3770 3771 3772 3773 3775 3776 3777 3778 3780 3781 3782 3783 3784 3785 3786 3787 3788 3789 3790 3791 3792 3793 3794 3795 3796 3798 3799 3800 3801 3802 3803 3804 3805 3806 3807 3808 3809 3810 3811 3812 3813 3814 3815 3816 3817 3818 3819 3820 3821 3822 3823 3824 3825 3826 3827 3862 3866 3867 3868 3869 3870 3871 3873 3874 3875 3876 3878 3879 3880 3881 3882 3883 3884 3885 3887 3888 3889 3890 3891 3892 3893 3894 3895 3896 3897 3898 3900 3901 3902 3903 3904 3905 3906 3907 3908 3909 3911 3912 3913 3914 3915 3916 3917 3918 3919 3920 3921 3922 3923 3924 3925 3926 3927 3928 3929 3930 3931 3932 3933 3937 3934 3945 3942 3947 3944 3949 3950 3953 3954 3955 3952 3956 3958 3959 3960 3963 3966 3967 3968 3970 3971 3972 3969 3973 3976 3977 3974 3978 3979 3613 3615 3616 3617 3619 3620 3622 3623 3624 3625 3627 3828 3628 3829 3629 3831 3631 3832 3632 3833 3938 3935 3835 3635 3939 3936 3636 3637 3838 3638 3839 3639 3940 3840 3640 3630 3618 3941 3841 3641
2548 2160 2357 2595 2228 2577 2380 2152 2455 2126 2534 2437 2634 2049 2487 2503 2456 2644 2450 2570 2373 2528 1937 2481 2100 2197 2558 2361 2656 2565 2580 2614 2023 2129 2523 1956 2618 2421 1960 2251 2448 2632 2238 2041 2535 1915 2497 1930 1934 1936 2527 2130 1933 2227 2621 2424 1949 2146 2540 2628 2431 1975 1978 1990 2008 2402 2105 2015 2017 2411 2114 2245 2070 2167 2082 2089 2483 2286 2091 2094 2488 2106 2107 2204 2113 2119 1922 2316 2120 2317 2217 2156 2158 1961 2162 1965 2166 2263 2168 2562 2173 2178 2375 2181 2193 1996 2587 2248 2051 2260 2277 2080 2474 2281 2301 2313 2314 2321 2335 2360 2371 2388 2397 2403 2405 2412 2422 2231 2034 2035 2236 2341 2342 2439 2440 2441
3980 3989 3983 3992 3981 4011 3988 3985 4031 3984 3982 3987 4034 3986 3990 3993 3997 3994 3998 3995 3999 3996 4000 4001 4002 4003 4004 4005 4006 4007 4008 4009 4012 4013 4010 4015 4014 4019 4016 4020 4017 4021 4018 4022 4023 4024 4025 4026 4027 4028 4029 4032 4030 4035 4036 4033 4037 4038 3991
1597 1644 1620 1817 1420 1598 1201 1398 1621 1224 1609 1668 1271 1603 1206 1006 1626 1600 1697 921 1670 1604 1207 1651 1255 1849 1610 58 1652 1707 1612 1809 1659 1262 1613 1810 1605 1026 1823 1618 1665 1623 1632 1639 1242 1439 1736 1339 1619 1222 1816 1419 1622 1819 1022 1031 1220 2814 1617 1614 1608 1211 1017 1811 929 1326 1643 1637 1240 1641 1838 1441 1050 1447 1702 1305 926 1723 1653 1256 1750 953 1353 1662 1265 1663 1266 1674 1280 1675 1278 1272 1669 1678 1683 907 1689 1690 1293 1714 1317 897 1688 1685 1288 904 1701 107 1301 906 1700 911 1693 899 3290 1712 918 1722 925 934 1331 946 1734 1337 922 1710 916 923 526 1323 1717 920 1711 1327 927 1724 1721 1730 932 1329 1735 947 1741 1344 1737 1340 951 1752 952 1746 1361 959 1753 1760 966 1369 960 1757 1754 1761 967 973 1370 961 1758 1755 1765 171 1768 1769 972 1771 1380 1774 980 1377 987 1384 978 1775 1772 1375 991 1388 1780 983 1383 1782 982 1779 1003 1800 1797 1004 1401 993 1390 1789 1399 1008 1805 1405 1393 997 1791 1394 998 1795 1792 995 1395 1799 1402 999 1796 1793 996 1804 1407 1813 1416 1822 1028 1034 1431 1024 1821 1826 1029 1827 1430 1832 1435 1833 1039 1836 1835 1038 1047 1839 1442 1040 1834 1437 1842 1048 1845 1449 1049 1846 1843 1851 1054 1852 1055 1058 1854 1056 1858 1059 1856 1861 1863 1069 1063 1860 1864 1065 1867 1868 1074 1068 1865 1075 1076 1877 1083 1077 1874 1078 1879 1079 1084 1886 1092 1086 1883 1087 1888 1091 1088 1885 1891 1096 1900 1101 1898 1902 1905 1107 1116 1908 1110 2704 1911 1117 1112 1909 1119 1123 1124 1125 1126 1128 1130 1132 1133 1135 1145 1150 1160 1163 1173 1146 2740 1147 1149 1151 1153 1156 1157 1161 1164 1165 1171 1172 1175 1176 1178 1180 1181 1182 1184 1185 1191 1193 1195 1196 1198 1199 1205 1209 1214 1219 1230 1233 1238 1239 2838 1250 1243 1267 1269 1270 1276 1283 1285 1287 2885 1291 1297 1289 1290 1302 1312 1321 1330 1334 1335 1336 1341 1346 1351 1352 1359 1365 1367 1376 1386 1387 1389 1391 1409 3003 1411 1434 1440 1456 1457 1458 1460 1461 1463 1466 1467 1470 1471 1476 1477 1480 1483 1484 1485 1486 1488 1491 1498 1501 1509 1513 1516 1517 1518 1519 1520 1521 1522 1523 1524 1527 1528 1530 1532 1535 1537 1538 1539 1540 1542 1544 1547 1551 1552 1553 1554 1556 1557 1558 1559 1560 1561 1563 1564 1570 1571 1572 1580 1581 1584 1585 1589 1590 1594
1679 1616 1422 1660 1671 1574 1625 1237 1766 1602 1408 1790 1694 1882 1300 1397 1740 1881 1763 1767 1631 1114 629 1692 1645 1695 1113 1210 936 962 930 1318 1512 1870 1773 1606 976 1778 905 1487 580 1744 1001 1095 1677 1142 948 606 1673 1012 915 1400 1844 1853 1878 1490 1080 1565 1122 1025 1801 637 1155 1349 1446 1543 1179 1223 1320 1514 641 1263 1294 1313 1332 1526 1357 1358 1374 1425 1427 1464 1506 1545 1549
627 650 583 599 658 681 578 670 576 600 647 577 582 628 675 661 595 640 643 659 662 615 665 632 635
0 197 97 47 23 220 11 208 108 1 98 48 2 199 99 49 3 200 100 4 201 5 202 7 104 8 205 105 9 206 106 10 207 12 209 109 13 210 110 14 211 15 212 16 213 17 214 114 18 215 19 216 20 217 21 218 22 25 26 27 28 29 30 31 32 33 35 36 37 38 39 40 41 42 43 44 45 46 50 51 52 54 55 56 59 60 61 62 63 64 65 66 67 68 69 70 71 72 73 74 75 76 77 78 79 81 82 83 84 85 86 88 91 93 90 103 87 96 102 111 115 112 116 113 117 118 119 120 121 122 123 124 125 126 127 128 129 130 131 132 133 134 135 137 138 139 140 141 142 143 144 145 146 148 149 150 151 152 153 154 155 156 157 158 159 160 161 162 163 164 165 166 167 168 169 170 172 174 175 176 177 178 179 181 182 183 184 185 186 188 189 190 191 192 193 195 203 221 222 223 224 225 226 227 228 229 230 231 232 233 234 237 251 253 284 292 298 314 322 337 347 235 236 238 239 240 241 243 244 245 246 247 248 250 252 255 256 257 258 259 260 261 262 263 264 265 267 268 269 270 271 272 273 274 275 276 277 278 279 280 281 282 283 285 286 287 288 289 290 291 293 294 295 296 297 301 303 304 305 306 307 308 309 310 311 312 313 315 316 317 318 320 321 323 324 325 326 328 329 331 332 333 334 335 336 338 339 340 341 342 343 344 345
