3465 3476 3571 3519 3910 3579 3675 3836 3708 3774 3701 3757 3759 3899 3957 3965 3975 3837
3469 3466 3443 3972 3738 3761 3945 3474 3529 3460 3554 3582 3602 3510 3464 3634 3726 3956 3668 3829 3752 3915 3937 3630
1624 1139 1703 1699 1739 943 1225 1904 1510 1037 940 1686 1127 1756 1362 1650 389 1131 1525 1228 1090 1681 1634 1246 1640 1244 1667 1727 1630 1236 1633 1830 1042 1051 1248 924 1121 1770 1188 1738 1541 1785 1106 1500 1041 1745 1260 1748 1354 949 1725 937 1134 1749 1355 1070 1167 964 1011 965 1159 974 1168 1759 977 985 1000 1005 1781 1296 1010 1815 1035 1258 1855 1264 1869 1672 1093 1072 1169 1366 1876 1482 1089 1906 1709 1141 944 1338 1152 1249 1840 1052 1170 1183 986 1189 1213 1226 1259 1275 1472 1299 1496 1304 1306 1109 1308 1310 1507 1311 1348 1412 1415 1418 1428 1444 1469 1474 1481 1504 1529 1536 1569
3951 3810 3711 3822 3869 3584 3506 3976 3572 3509 3463 3792 3909 3558 3793 3719 3569 3763 3591 3826 3593 3969 3643 3784 3493 3646 3458 3648 3680 3486 3714 3855 3620 3718 3906 3786 3794 3870 3896 3900 3706 3947 3903 3515 3924 3958 3973 3631 3833
867 872 877 873 874 885 887 776
858 881 863 886 698 859 882 870 729 893 860 883 871 861 884 864 875 866 889 876 878 879 888 891 892 894 895 804 825
839 816 707 822 746 714 691 806 712 725 742 789 767 768 791 796 702 802 818 771 732 736 689 833 788
2449 2646 2055 2546 2082 2573 2395 2541 2488 2091 2553 2156 1962 2359 2552 1961 2358 2454 2266 2069 1953 2350 2347 2535 2524 1933 2468 2074 2565 2168 2562 2165 1971 2354 2551 2154 1960 2357 2548 2542 2545 2543 2146 2200 2482 2579 2437 2040 2634 2237 2534 1943 2340 2484 2450 2056 2457 2060 2654 2257 2063 2460 2554 1963 2360 2462 2559 2162 2561 2164 2467 2070 2073 2470 2564 2167 2469 2275 2078 2474 2077 2580 2477 2080 2083 2574 1983 2380 2478 2575 2178 1984 2381 2481 2084 2578 2181 2089 2386 1989 2095 2492 2489 2092 2485 2088 2487 2090 2495 2098 2497 2100 2499 2500 2103 2503 2106 1912 2309 2504 2107 2506 2109 1915 2507 2520 2123 1929 2326 2521 2124 1930 2523 2126 2526 2129 2527 2130 1936 2528 2131 1937 2334 2532 2536 2139 2539 2142 2540 1949 2549 2152 2550 2556 1965 2558 2560 2563 2166 2569 2172 1978 2375 2570 2173 1979 2376 2576 2179 1985 2382 2577 1986 2383 2584 1993 2586 2587 2190 1996 2393 2590 2193 2591 2593 2595 2596 2005 2402 2600 2601 2204 2602 2604 2606 2015 2412 2607 2210 2611 2613 2216 2614 2217 2615 2218 2618 2619 2621 2623 2624 2227 2625 2228 2628 2231 2037 2630 2233 2631 2234 2632 2638 2644 2655 2258 2064 2656 1917 2314 1918 1922 1925 1934 2331 1938 2335 1942 2339 1946 1956 2353 1966 2363 1975 1990 2387 1997 2008 2405 2017 2414 2045 2442 2046 2443 2049 2446 2051 2448 2058 2455 2059 2456 2067 2464 2079 2476 2086 2483 2093 2094 2104 2105 2108 2112 2113 2114 2115 2118 2119 2120 2121 2122 2136 2140 2147 2150 2158 2160 2184 2188 2195 2197 2201 2206 2212 2213 2220 2229 2230 2245 2248 2251 2253 2260 2261 2262 2263 2269 2271 2276 2277 2278 2281 2286 2287 2288 2290 2299 2300 2301 2303 2306 2307 2308 2311 2313 2316 2317 2321 2323 2324 2329 2348 2352 2356 2361 2369 2370 2371 2373 2374 2388 2391 2392 2397 2403 2404 2407 2408 2409 2410 2411 2418 2021 2019 2020 2422 2023 2423 2424 2421 2427 2030 2428 2429 2430 2033 2431 2034 2035 2236 2433 2341 2238 2342 2439 2240 2440 2043 2041 2441 2044 2244
3980 3989 3983 3992 3981 4011 3988 3985 4031 3984 3982 3987 4034 3986 3990 3993 3997 3994 3998 3995 3999 3996 4000 4001 4002 4003 4004 4005 4006 4007 4008 4009 4012 4013 4010 4015 4014 4019 4016 4020 4017 4021 4018 4022 4023 4024 4025 4026 4027 4028 4029 4032 4030 4035 4036 4033 4037 4038 3991
852 755 850 753 777 846 749 786 692 808 711 855 758 761 853 756 828 731 687 851 754 836 739 695 837 740 838 741 697 840 743 699 841 744 842 745 843 890 693 696 844 747 845 748 847 750 848 751 849 752 854 757 856 759 869 780 686 880 831 734 690 688 694 700 701 703 704 705 706 708 709 710 713 715 716 717 718 719 720 721 722 723 724 726 727 728 730 760 763 764 765 762 769 766 770 773 774 775 772 781 778 782 779 784 785 783 787 790 794 795 792 793 797 798 799 800 801 803 805 809 810 807 812 811 813 817 814 815 819 820 821 823 824 826 829 827 735 832 733 830 834 835 737 738
584 631 678 596 619 666 579 626 590 684 622 598 597 644 574 621 620 573 682 611 589 612 592 639 603 605 609 616 663 617 664 618 623 653 654 655 657 660 672 575 625 677 630 679 680 685 588 633 636
3741 3544 3450 3847 3473 3437 3834 3621 3525 3922 3592 3440 3501 3898 3442 3540 3517 3914 3586 3633 3830 3439 3568 3609 3750 3553 3556 3459 3856 3656 3797 3600 3550 3453 3850 3650 3456 3853 3653 3561 3651 3674 3477 3874 3577 3721 3524 3921 3677 3483 3880 3877 3480 3490 3887 3692 3495 3892 3498 3895 3723 3526 3923 3756 3559 3779 3488 3885 3484 3881 3851 3454 3457 3854 3654 857 862 3481 3878 868 3647 3626 3487 3884 3684 3946 3549 3552 3461 3858 3658 3964 3567 3570 3479 3876 3438 3441 3444 3445 3842 3642 3446 3843 3447 3844 3644 865 3448 3845 3645 3449 3846 3451 3848 3452 3849 3649 3455 3852 3652 3462 3859 3659 3467 3864 3861 3468 3865 3470 3867 3471 3868 3472 3478 3875 3872 3475 3482 3879 3485 3882 3491 3888 3492 3889 3886 3489 3494 3891 3496 3893 3497 3894 3499 3500 3897 3502 3503 3504 3901 3505 3902 3507 3904 3508 3905 3511 3908 3512 3513 3514 3911 3516 3913 3518 3520 3917 3521 3918 3522 3919 3523 3920 3527 3528 3925 3530 3927 3531 3928 3532 3929 3533 3930 3534 3535 3536 3537 3538 3539 3541 3542 3543 3545 3546 3943 3547 3548 3551 3948 3555 3557 3560 3562 3563 3564 3961 3565 3962 3566 3573 3574 3575 3576 3578 3580 3581 3583 3585 3587 3588 3589 3590 3594 3595 3596 3597 3598 3599 3601 3603 3604 3605 3606 3607 3608 3610 3611 3612 3614 3655 3657 3660 3661 3662 3663 3664 3665 3666 3667 3669 3670 3671 3672 3673 3676 3678 3679 3681 3682 3683 3685 3686 3687 3688 3689 3690 3691 3693 3694 3695 3696 3697 3698 3699 3700 3702 3703 3704 3705 3707 3709 3710 3712 3713 3715 3716 3717 3720 3722 3724 3725 3727 3728 3729 3730 3731 3732 3733 3734 3735 3736 3737 3739 3740 3742 3743 3744 3745 3746 3747 3748 3749 3751 3753 3754 3755 3758 3760 3762 3764 3765 3766 3767 3768 3769 3770 3771 3772 3773 3775 3776 3777 3778 3780 3781 3782 3783 3785 3787 3788 3789 3790 3791 3795 3796 3798 3799 3800 3801 3802 3803 3804 3805 3806 3807 3808 3809 3811 3812 3813 3814 3815 3816 3817 3818 3819 3820 3821 3823 3824 3825 3827 3857 3860 3862 3863 3866 3871 3873 3883 3890 3907 3912 3916 3926 3931 3932 3933 3934 3942 3944 3949 3950 3953 3954 3955 3952 3959 3960 3963 3966 3967 3968 3970 3971 3977 3974 3978 3979 3613 3615 3616 3617 3619 3622 3623 3624 3625 3627 3828 3628 3629 3831 3832 3632 3938 3935 3835 3635 3939 3936 3636 3637 3838 3638 3839 3639 3940 3840 3640 3618 3941 3841 3641
2052 2502 2032 2183 2203 2597 2649 2252 2452 2510 1959 2135 2529 2132 2332 2547 2153 1577 1974 2589 2007 2598 2072 2635 2241 2247 2053 2250 2653 2256 2062 1926 2517 1932 2223 2617 2420 2026 2417 2127 2224 1945 2042 2239 2039 2436 2333 2530 2133 2327 1465 2259 2629 2232 2038 2047 1955 2149 2143 2537 2102 2496 2099 2199 2111 2508 2505 2511 1920 2138 2174 2571 2568 2180 2377 2471 2189 2458 2267 2461 2264 2268 2071 2465 2068 2279 2283 2480 2289 2292 2302 2319 2516 2028 2425 2125 2522 2519 2336 1939 2533 1948 2345 2384 1987 2187 2581 2398 2445 2048 2642 2451 2054 2254 2651 2463 2066 2472 2075 2475 2081 2087 2491 2294 2065 2148 1994 2194 2588 2191 2196 2198 2592 2282 2479 2285 2293 2315 2512 1718 2328 2525 2128 2338 1941 2368 2372 2385 2582 2185 2399 2002 2501 2509 2555 1964 2567 2608 2211 1913 2310 1916 1940 2137 2531 2134 2144 1954 2351 2151 2010 2101 2498 2298 2163 2557 2176 2215 2612 2609 2246 2643 2273 2295 2343 2344 1947 2355 2389 2394 2413 2610 2419 2616 2219 2544 2594 2605 2208 2029 2036 2182 2280 2367 1970 2453 2473 2493 2096 2514 2117 2518 136 2566 2169 2572 2175 2599 2603 2637 2641 2652 1923 1944 1952 1969 2366 1977 1981 1982 2379 2003 2400 2057 2085 2110 2141 2145 2155 2161 2177 2186 2205 2209 2214 2221 2222 2226 2249 2265 2270 2272 2274 2291 2296 2304 2305 2312 2318 2322 2325 2330 2362 2390 2396 2406 2415 2416 2031 2432 2434 2235 2438 2242 2243
2349 2486 2622 2513 2490 2076 2444 2515 2170 2650 2466 1924 1988 1992 2207 2255 2320 2401 2426
198 393 351 364 441 399 454 476 564 501
1655 1044 1432 896 1284 1381 1082 1628 1720 1235 1015 994 1576 1479 1887 1596 1716 1231 1857 1611 1417 1691 1635 1636 957 1345 1728 1903 1104 1007 1298 1764 988 1279 975 1680 1292 1583 981 1036 1715 1009 1591 1019 1021 1115 1841 1647 1550 1859 1277 1060 1448 1862 989 1067 1872 902 1120 1873 1875 1884 1899 1414 1100 1682 1129 1148 1158 1190 1578 1192 1204 1592 1221 1227 1229 1423 1257 1286 1315 1322 1347 1350 1379 1573 1392 1404 1413 1426 1438 1459 1462 1475 1587
2538 2585 2620 2660 2284 2378 2636 1957 2647 1968 2459 2640 1973 2157 2627 1972 1995 2018 1921 2159 1991 1998 2192 1951 2001 2583 2024 1927 2494 2009 2447 2116 1928 2025 2633 2004 2027 1980 2659 2171 2365 2225 2648 2337 1914 2011 2364 1976 2012 2626 2639 2657 2645 2658 1919 2016 1931 1935 1950 2435 1958 2346 1999 2000 2097 2006 2297 2013 2014 2050 2061 2202 2022
86 68 321 46 99 143 102 263 175 177 131 225 227 296 278
898 945 1661 1273 971 1649 1261 919 1812 942 1729 933 1515 1732 1638 941 1742 1451 1281 1704 1316 954 1245 1706 1894 1215 1783 1786 1495 1081 984 1014 917 1907 1108 1820 1406 1018 1309 1503 1824 1871 1166 1828 1032 1848 1751 1850 1066 969 1454 1893 1020 1099 1102 1103 1241 1282 1303 1324 1373 1382 1396 1429 1489 1502 1508 1582 1595
406 450 400 538 350 547 447 563 363 560 448 354 551 518 566 369 372 569 428 474 377 367 361 558 414 420 517 374 571 471 489 683 486 392 348 545 445 358 555 430 418 481 384 669 472 475 378 520 423 359 556 365 562 674 477 383 349 546 446 352 549 449 355 552 356 553 357 554 648 451 360 557 362 559 368 565 370 567 371 568 373 570 173 375 376 380 381 382 385 386 387 388 390 391 1967 379 394 395 396 397 594 398 1777 586 401 402 403 404 405 407 408 409 411 431 34 439 440 442 443 444 452 453 455 456 457 458 459 460 461 462 463 464 465 466 467 468 469 470 473 478 479 480 482 485 487 488 490 491 492 493 494 495 496 497 498 499 500 502 503 504 505 506 507 508 509 510 511 512 513 514 515 516 519 521 522 523 524 525 527 528 529 530 531 532 533 534 535 536 537 539 540 541 542 543 544 548 550 561 572 581 585 587 591 593 602 604 607 608 610 613 614 624 642 645 646 652 656 667 668 671 673 676 410 412 413 416 417 419 421 422 424 425 426 429 432 433 634 434 435 436 437 427 415 638 438
3203 3400 3204 3401 3205 3402 3005 3206 3207 3208 3209 3210 2813 3211 3212 3213 3214 3215 3216 3217 3219 2822 3220 3221 3222 3223 2826 3224 3225 3226 3227 3228 3229 3231 3232 3233 3234 3235 3237 3238 3239 3240 1642 3236 3230 3218 3291 3241 3242 3243 3244 3245 3246 3247 3248 3249 3250 3251 3252 3253 3254 3255 3256 3257 3258 3259 3260 1666 3261 3262 3263 3264 3265 3266 2869 3267 3268 3269 3270 3271 3272 3273 3274 3275 3276 3277 3278 1684 3279 3280 2883 3281 3282 3284 3285 3286 3287 3288 3289 2892 3292 3294 3295 3296 3297 3298 3293 3300 2903 3301 3302 3303 3304 3306 3307 3308 3310 3312 3313 3317 3299 3305 3315 3319 3316 3320 1726 3321 3322 3323 3324 3326 3327 3328 3329 3330 3331 3332 3333 3334 3335 2938 3336 3337 3338 2941 3339 3340 3341 3342 3343 3344 3345 3346 3347 3348 3349 3350 3351 3352 3353 3354 3355 3356 3357 3358 3359 2962 3360 3361 2964 3362 3363 3364 3365 2968 3366 3367 3368 2971 3369 3370 3371 3372 3373 2976 3374 3375 3376 2979 3377 3378 3379 3380 3381 990 3383 3384 3385 3386 3387 3388 3389 3390 3391 3392 3393 3394 3395 3396 2999 3397 3398 3001 3399 3403 3404 3405 3406 3407 3408 3011 3409 3410 3411 3412 3413 3414 3415 3416 3019 3417 3020 3418 3419 3420 3421 3422 3424 3425 3426 3427 3428 3429 3430 3431 3034 3432 3433 3434 3435 1450 3044 3436 3173 2776 1505 3099 2696 1534 3128 2725 2678 2760 3057 3136 2739 3164 2677 2724 2752 2775 3100 3162 2765 3168 2771 3178 2781 3179 2782 2734 2764 3062 2665 3079 2682 3165 2768 2693 3101 3201 3097 2700 2707 3111 2714 3186 2789 2661 2662 2663 2664 2666 2667 2668 2669 2671 2672 2673 2674 2675 2676 2679 2680 2681 2683 2684 2685 2686 2687 2688 2689 2690 2691 2692 2694 2695 2697 2698 2701 2702 2705 2706 2708 2709 2710 2711 2712 2713 2715 2716 2717 2718 2719 2720 2721 2722 2723 2726 2727 2728 2729 2730 2731 2732 2733 2735 2736 2737 2738 2741 2742 2743 2744 2745 2746 2747 2748 2749 2750 2751 2753 2754 2755 2756 2757 2758 2759 2761 2762 2763 2766 2769 2770 2772 2773 2774 2777 2778 2779 2780 2783 2784 2785 2786 2787 2788 2790 2791 2792 2793 2794 2795 2796 2797 2798 2799 2800 2801 2802 2803 2804 2805 2806 2807 2808 2809 2810 2811 2812 2815 2816 2817 2818 2819 2820 2821 2823 2824 2825 2827 2828 2829 2830 2831 2832 2833 2835 2836 2837 2839 2840 2841 2842 2843 2844 2845 2846 2847 2848 2849 2850 2851 2852 2853 2854 2855 2856 2857 2858 2859 2860 2861 2862 2863 2864 2865 2866 2867 2868 2870 2871 2872 2873 2874 2875 2876 2877 2878 2880 2881 2882 2884 2886 2887 2888 2890 2891 2893 2894 2895 2896 2897 2898 2899 2900 2901 2902 2904 2905 2906 2907 2908 2909 2910 2911 2912 2913 2914 2915 2916 2917 2918 2919 2920 2921 2922 2923 2924 2925 2926 2927 2928 2929 2930 2931 2932 2933 2934 2935 2936 2937 2939 2940 2942 2943 2944 2945 2946 2947 2948 2949 2950 2951 2952 2953 2954 2955 2956 2957 2958 2960 2961 2963 2965 2966 2967 2969 2970 2973 2974 2975 2977 2978 2980 2981 2983 2984 2985 2986 2987 2988 2989 2990 2991 2992 2993 2994 2995 2996 2997 2998 3000 3002 3004 3006 3007 3009 3010 3012 3013 3014 3015 3016 3017 3018 3021 3022 3023 3024 3025 3026 3027 3028 3029 3030 3031 3032 3033 3035 3036 3037 3038 3039 3040 3041 3042 3043 3045 3046 3047 3048 3049 3050 3051 3052 3053 3054 3055 3056 3058 3059 3060 3061 3063 3064 3065 3066 3067 3068 3069 3070 3071 3072 3073 3074 3075 3076 3077 3078 3080 3081 3082 3083 3084 3085 3086 3087 3088 3089 3090 3091 3092 3093 3094 3095 3096 3098 3102 3103 3104 3105 3106 3107 3108 3109 3110 3112 3113 3114 3115 3116 3117 3118 3119 3120 3121 3122 3123 3124 3125 3126 3127 3129 3130 3131 3132 3133 3134 3135 3137 3138 3139 3140 3141 3142 3143 3144 3145 3146 3147 3148 3149 3150 3151 3152 3153 3154 3155 3156 3157 3158 3159 3160 3161 3163 3166 3167 3169 3170 3171 3172 3174 3175 3176 3177 3180 3181 3182 3183 3184 3185 3187 3188 3189 3190 3191 3192 3193 3194 3195 3196 3197 3198 3199 3200 3202
627 650 583 599 658 681 578 670 576 600 647 577 582 628 675 661 595 640 643 659 662 615 665 632 635
0 197 97 47 1 98 48 2 199 3 200 100 4 201 101 5 202 6 203 103 7 204 104 8 205 105 9 206 10 207 11 208 12 209 13 210 14 211 15 212 16 17 18 19 20 21 22 23 24 25 26 27 28 29 30 31 32 33 35 36 37 38 39 40 41 42 43 44 45 49 50 51 52 53 54 55 56 57 59 60 61 62 63 64 65 66 67 69 70 71 72 73 74 75 76 77 78 79 80 81 82 83 84 85 88 89 91 92 93 94 95 90 106 108 109 110 114 87 96 111 115 112 116 113 117 118 119 120 121 122 123 124 125 126 127 128 129 130 132 133 134 135 137 138 139 140 141 142 144 145 146 147 148 149 150 151 152 153 154 155 156 157 158 159 160 161 162 163 164 165 166 167 168 169 170 172 174 176 178 179 180 181 182 183 184 185 186 187 188 189 190 191 192 193 194 195 196 213 214 215 216 217 218 219 220 221 222 223 224 226 228 229 230 231 232 233 234 237 251 253 284 292 298 314 322 337 347 235 236 238 239 240 241 242 243 244 245 246 247 248 249 250 252 254 255 256 257 258 259 260 261 262 264 265 266 267 268 269 270 271 272 273 274 275 276 277 279 280 281 282 283 285 286 287 288 289 290 291 293 294 295 297 299 300 301 302 303 304 305 306 307 308 309 310 311 312 313 315 316 317 318 319 320 323 324 325 326 327 328 329 330 331 332 333 334 335 336 338 339 340 341 342 343 344 345 346
1597 1644 1598 1645 1600 909 1601 1648 1602 1599 1603 906 912 1604 907 1651 1606 1653 1607 1609 1610 58 1652 1646 1612 1613 1615 1616 1618 1619 1620 1621 1622 1625 1626 1627 1629 1631 1632 1623 1639 1605 1220 2814 1617 1614 1217 1608 1211 1643 1637 1641 1654 1656 1657 1658 1659 1660 1662 1663 1664 1668 1669 1272 1670 1671 1673 1675 484 1676 1677 1678 1679 903 1700 1683 483 1280 1674 1665 1685 1688 1291 2885 900 1697 1694 897 1689 1695 1690 1687 904 107 1701 1698 901 1692 1693 1707 910 3290 899 1696 1702 905 908 1705 1708 911 914 1711 1714 1713 916 1710 913 1717 920 526 1323 923 918 1712 915 1719 922 931 921 1723 926 929 935 1721 928 1722 925 1730 930 1724 927 1731 934 932 1734 948 1737 938 1735 939 1736 1733 936 1740 1741 1743 946 1746 952 953 1750 962 950 1747 1744 947 951 1752 955 1753 956 959 1754 1761 967 961 1758 1755 958 1763 966 963 1760 1757 960 1766 1767 970 973 1768 968 1765 171 1762 1769 972 1771 580 1377 1772 1774 980 1775 978 1776 979 976 1773 1778 1779 982 1782 983 1780 1787 987 1784 1790 993 1791 991 1788 1792 995 601 1398 992 1789 1793 996 1794 997 1795 998 1796 999 1797 606 1403 1798 1001 1799 1002 1800 1003 1801 1004 1802 1803 1006 1804 1805 1008 1806 1807 1808 1809 1012 1810 1013 1811 1813 1016 1814 1017 1816 1817 1023 1818 1819 1022 1821 1024 1027 3003 1409 1822 1025 1028 1825 1031 1826 1029 1026 1823 1033 1829 1030 1827 1832 1833 1834 1034 1831 1835 1038 1836 1039 1837 1040 1043 1838 1839 1045 1842 1048 1845 1846 1049 1046 1843 1847 1050 1053 1047 1844 1849 1055 1852 1058 1854 1057 1054 1851 1856 1059 1062 1056 1853 1064 1861 1061 1858 1863 1063 1860 1864 1065 1866 1069 1867 1868 1071 1074 1068 1865 1870 1073 1076 1075 1877 1080 1077 1874 1878 1078 1879 1079 1880 1083 1881 1084 1087 1882 1085 1883 1086 1885 1088 1886 1888 1091 1889 1092 1890 1096 1891 1094 1097 1892 1095 1098 1895 1896 1897 1898 1101 1900 1901 1107 1905 1105 1902 1908 1111 1110 2704 1911 1114 1112 1909 1113 1910 1116 1117 1118 1119 1122 1123 1124 1125 1126 1128 1130 1132 1133 1135 1136 1137 1138 1140 1142 1143 2740 1146 1144 1145 353 1150 1160 1163 366 1173 1186 1147 1149 1151 1153 1154 1155 1156 1157 1161 1162 1164 1165 1171 1172 1174 1175 1176 1177 1178 1179 1180 1181 1182 1184 1185 1187 1191 1193 1194 1195 1196 1197 1198 1199 1200 1201 1202 1203 1205 1206 1207 1208 1209 1210 1212 1214 1216 1218 1219 1222 1223 1224 1230 1232 1233 1234 1237 1238 1239 1240 2838 1242 1243 1247 1250 1251 1252 1253 1254 1255 1256 1262 1263 1265 1266 1267 1268 1269 1270 1271 1274 1276 1278 1283 1285 1287 1288 1289 1290 1293 1294 1295 1297 1300 1301 1302 1305 1307 1312 1313 1314 1317 1318 1319 1320 1321 1325 1326 1327 1328 1329 1330 1331 1332 1333 1334 1335 1336 1337 1339 1340 1341 1342 1343 1344 1346 1349 1351 1352 1353 1356 1357 1358 1359 1360 1361 1363 1364 1365 1367 1368 1369 1370 1371 1372 1374 1375 1376 1378 1380 1383 1384 1385 1386 1387 1388 1389 1390 1391 1393 1394 1395 1397 1399 1400 1401 1402 1405 1407 1408 1410 1411 1416 1419 1420 1421 1422 1424 1425 1427 1430 1431 1433 1434 637 1435 1436 1437 1439 1440 1441 1442 1443 1445 1446 649 1447 1449 1452 1453 1455 1456 1457 1458 1460 1461 1463 1464 1466 1467 1468 1470 1471 1473 1476 1477 1478 1480 1483 1484 1485 1486 1487 1488 1490 1491 1492 1493 1494 1497 1498 1499 1501 1506 1509 1511 1512 1513 1514 1516 1517 1518 1519 1520 1521 1522 1523 1524 1526 1527 1528 1530 1531 1532 1533 1535 1537 1538 1539 1540 1542 1543 1544 1545 1546 1547 1548 1549 1551 1552 1553 1554 1555 1556 1557 1558 1559 1560 1561 1562 1563 1564 1565 1566 1567 1568 1570 1571 1572 1574 1575 1579 1580 1581 1584 1585 1586 1588 1589 1590 1593 1594 641 651 629
3283 3382 3318 3309 3325 3311 3423 2670 3314 2703 2699 2767 2834 2972 2879 2889 2959 2982 3008
