645 605
305 920 982 636 735 661 220
733 702
288 333 880
763 730
727 813
860 180 464
577 617
924 154 664
736 551 623 980
44 256 917
544 838
863 948
466 883
987 260
657 567
845 460 573 754
752 157 500
355 389
450 749
514 571 416
317 768
249 5 168 638 417
529 402
654 390 761
387 743
757 598
669 360
358 434
356 779
728 842
303 831
694 717 331
458 530
370 326 564
642 320 695
436 609 228 502
789 330 208
192 307 269
985 899
851 191 576 442 747 663
588 218
843 698 963 575
974 388 453 178 546 381
327 652
565 325 335 347
361 403
952 251
989 474
287 195
955 392 362
268 155 745
859 520 803
524 68
141 465
139 150
928 540
131 231
348 169
740 120 983 563
712 384 834
909 592
112 825
718 109
506 301
900 193
970 87
603 630
211 236
895 433
98 119
673 889
91 492
486 283
493 224
160 910
870 177 227
902 332 351
14 593
108 196
113 760
69 107
901 508
628 297 781
904 494 525 823 405 773
640 265
856 142
319 188 798 915 13 174 744 179
164 377 410 475 570 429
56 607
585 47 408
49 162
724 877 175
969 671
944 725 181 572
832 253
451 650
59 869
337 844
626 343
829 54
568 35 587 557
884 339
457 462 484 931 293 469
161 687
852 290
840 58
452 503 323 716
836 336
439 43 123 849 67 961
601 621 185
254 959
23 651
968 554
280 872 382
489 534 83 96 217 707 364
124 170
21 488 95
415 190
837 991 896
759 499 18 38 967
818 158
229 271 61 30
937 547
149 431
812 448 543
796 742
930 549 2
130 710 126 511
853 611
805 294
758 668 887 412 686
865 951
755 77
491 721 368 346 33 558 708 289 625
922 394 973
888 304 513 89 285 471 311
765 682 241
454 939 423 159 866 106 746 769
353 8 590
57 321 373
352 821 156 145 620
934 444 542 291 940
537 82 835
734 46
994 240 121 886
459 151 523 748 186 637 400
882 27 786 42 515 152
822 328
0 125 395 206
919 244 478
997 684 483
667 689
76 73 868 498
401 81 102 507
172 406 363 709 490 510
569 729 147 908 17 214
826 250 595 767 470 704 579 942 996 978 312 778
118 772 94
797 947
7 857 215
828 604
633 376 631 479
522 892 40 975 11
591 286
788 72
51 167
594 449 70 63 706
424 314 891 143 560
302 679 995 960
3 527 562 764
921 878
472 342
539 200 925 608
635 101
15 468 198 393 246
723 386
873 780
732 792
116 512 4 344 365 24 830 60 559 528
438 885
133 820
632 28
790 110 610
266 245 713 369
854 516
956 720 945 613
219 739
22 538
259 556 372
519 9 864 766 799 649 375
950 971 272
913 75 954
322 427 354 194 103 785 176
897 580
210 624 847
308 627 890
430 243
425 998
