3469 3466 3443 3972 3738 3761 3945 3474 3529 3460 3554 3582 3602 3510 3464 3634 3726 3956 3668 3829 3752 3915 3937 3630
3441 3531 3546 3814 3536 3490 3580 3549 3894 3963 3446 3662 3679 3585 3863 3682 3447 3806 3949 3905 3811 3624 3812 3939
2349 2486 2622 2513 2490 2076 2444 2515 2170 2650 2466 1924 1988 1992 2207 2255 2320 2401 2426
2448 1978 2126 2455 2632 2341 2618 2424 1960 2251 2474 2051 2342 1933 2523 2570 2488 2197 2580 1922 2577 2286 2107 2587 2540 2152 2070 2361 2656 2562 2614 2129 2503 2080 2371 2456 1915 2497 1930 1934 1936 2130 2227 1937 2228 1949 2628 1965 2644 1975 1990 2015 2403 2049 2534 2146 2082 2373 2089 2380 2091 2105 2008 2114 2405 2119 2313 2120 2314 2411 2023 2156 2158 2160 2162 2166 2360 2173 2181 2193 2248 2260 2357 2277 2316 2317 2335 2238 2388 2397 2402 2412 2231 2035 2236 2440
2774 3074 2817 3147 3127 3055
867 872 877 873 874 885 887 776
3741 3544 3473 3870 3437 3834 3621 3525 3922 3517 3914 3540 3439 3568 3609 3512 3909 3797 3600 3506 3903 3440 3556 3953 3750 3553 3950 3459 3856 3656 3592 3501 3898 3698 3830 3633 3442 3586 3550 3947 3453 3850 3650 3456 3853 3653 3561 3958 3651 3674 3477 3874 3577 3974 3721 3524 3921 3677 3483 3880 3877 3480 3680 3692 3495 3892 3498 3895 3695 3723 3526 3923 3756 3779 3484 3881 3851 3454 3457 3854 3654 3463 3660 857 3943 3458 3855 3655 862 3481 3878 3678 3626 3487 3684 3946 3552 3461 3951 3964 3567 3570 3967 3479 3876 3676 3438 3444 3445 3842 3448 3645 3449 3846 3646 3451 3848 3648 3455 3652 3467 1085 3864 3861 3664 3468 3865 3665 3470 3867 3667 3472 3869 3669 3478 3875 3872 3482 3879 3486 3883 3683 3491 3888 3688 3492 3889 3886 3489 3689 3493 3890 3690 3494 3691 3496 3893 3693 3499 3896 3696 3500 3897 3697 3502 3504 3901 3505 3507 3904 3508 3509 3906 3511 3908 3513 3515 3912 3516 3520 3917 3521 3918 3522 3919 3523 3920 3530 3927 3532 3929 3533 3534 3931 3535 3932 3537 3538 3539 3541 3547 3944 3548 3551 3948 3555 3952 3558 3955 3560 3562 3959 3563 3960 3564 3961 3565 3962 3566 3569 3572 3969 3575 3581 3978 3583 3584 3587 3588 3589 3590 3591 3593 3594 3595 3597 3598 3599 3601 3606 3607 3608 3610 3612 3614 3643 3644 865 3647 868 3649 3657 3659 3661 3663 3666 3671 3673 3685 3694 3699 3700 3703 3704 3705 3706 3709 3710 3711 3712 3713 3714 3715 3716 3717 3718 3719 3720 3722 3724 3725 3727 3728 3729 3732 3733 3734 3735 3736 3739 3740 3742 3743 3744 3745 3746 3747 3748 3749 3751 3753 3754 3755 3758 3760 3763 3764 3765 3766 3767 3768 3769 3770 3771 3772 3773 3775 3776 3777 3778 3780 3781 3782 3783 3784 3786 3787 3788 3789 3791 3792 3793 3794 3795 3796 3798 3799 3801 3802 3803 3805 3807 3808 3809 3810 3813 3815 3816 3817 3818 3819 3820 3821 3822 3823 3825 3826 3827 3843 3844 3847 3849 3857 3859 3862 3866 3868 3871 3873 3882 3885 3887 3900 3907 3911 3916 3924 3925 3928 3933 3942 3954 3968 3970 3971 3973 3976 3977 3979 3613 3615 3616 3617 3619 3620 3622 3623 3625 3628 3629 3831 3631 3632 3833 3938 3935 3835 3936 3636 3637 3638 3839 3639 3840 3618 3941 3841 3641
0 197 97 47 2 199 3 200 100 4 201 5 202 6 203 103 7 104 8 205 105 9 206 106 2885 10 207 11 208 108 12 209 109 13 210 110 14 211 15 212 16 213 17 214 18 215 19 216 20 217 21 218 22 23 25 26 27 28 29 30 31 32 33 34 1 98 41 36 37 38 39 40 42 43 44 45 48 49 50 51 52 54 55 56 2814 35 58 59 2838 60 61 62 63 64 65 66 67 69 70 71 72 73 74 75 76 77 78 79 81 82 83 84 85 88 89 91 93 95 90 114 3290 138 87 96 111 115 112 116 113 117 118 119 120 121 122 123 124 125 126 127 128 129 130 132 133 134 135 137 139 140 141 142 144 145 146 147 148 149 150 151 152 153 154 155 156 157 158 159 160 161 162 163 164 165 166 167 168 169 170 171 172 173 174 176 178 179 181 182 183 184 185 186 188 189 190 191 192 193 195 219 220 221 222 223 224 3003 226 228 229 230 231 232 233 234 237 251 253 284 292 298 2704 322 314 337 2740 347 235 236 238 239 240 241 243 244 245 246 247 248 250 252 255 256 257 258 259 260 261 262 264 265 267 268 269 270 271 272 273 274 275 276 277 279 280 281 282 283 285 286 287 288 289 290 291 293 294 295 297 301 303 304 305 306 307 308 309 310 311 312 313 315 316 317 318 319 320 323 324 325 326 327 328 329 331 332 333 334 335 336 338 339 340 341 342 343 344 345
2538 2585 2620 2660 2284 2378 2636 1957 2647 1968 2459 2640 1973 2157 2627 1972 1995 2018 1921 2159 1991 1998 2192 1951 2001 2583 2024 1927 2494 2009 2447 2116 1928 2025 2633 2004 2027 1980 2659 2171 2365 2225 2648 2337 1914 2011 2364 1976 2012 2626 2639 2657 2645 2658 1919 2016 1931 1935 1950 2435 1958 2346 1999 2000 2097 2006 2297 2013 2014 2050 2061 2202 2022
2052 2502 2032 2183 2203 2597 2649 2252 2452 2510 1959 2135 2529 2132 2332 2547 2153 1577 1974 2589 2007 2598 2072 2635 2241 2247 2053 2250 2653 2256 2062 1926 2517 1932 2223 2617 2420 2026 2417 2127 2224 1945 2042 2239 2039 2436 2333 2530 2133 2327 1465 2259 2629 2232 2038 2047 1955 2149 2143 2537 2102 2496 2099 2199 2111 2508 2505 2511 1920 2138 2174 2571 2568 2180 2377 2471 2189 2458 2267 2461 2264 2268 2071 2465 2068 2279 2283 2480 2289 2292 2302 2319 2516 2028 2425 2125 2522 2519 2336 1939 2533 1948 2345 2384 1987 2187 2581 2398 2445 2048 2642 2451 2054 2254 2651 2463 2066 2472 2075 2475 2081 2087 2491 2294 2065 2148 1994 2194 2588 2191 2196 2198 2592 2282 2479 2285 2293 2315 2512 1718 2328 2525 2128 2338 1941 2368 2372 2385 2582 2185 2399 2002 2501 2509 2555 1964 2567 2608 2211 1913 2310 1916 1940 2137 2531 2134 2144 1954 2351 2151 2010 2101 2498 2298 2163 2557 2176 2215 2612 2609 2246 2643 2273 2295 2343 2344 1947 2355 2389 2394 2413 2610 2419 2616 2219 2544 2594 2605 2208 2029 2036 2182 2280 2367 1970 2453 2473 2493 2096 2514 2117 2518 136 2566 2169 2572 2175 2599 2603 2637 2641 2652 1923 1944 1952 1969 2366 1977 1981 1982 2379 2003 2400 2057 2085 2110 2141 2145 2155 2161 2177 2186 2205 2209 2214 2221 2222 2226 2230 2249 2265 2270 2272 2274 2291 2296 2304 2305 2312 2318 2322 2325 2330 2358 2362 2390 2396 2406 2415 2416 2031 2432 2434 2235 2438 2242 2243
3465 3476 3571 3519 3910 3579 3675 3836 3708 3774 3701 3757 3759 3899 3957 3965 3975 3837
3251 3372 2902 2930 2732 3131 3180 3181
198 393 351 364 441 399 454 476 564 501
3283 3382 3318 3309 3325 3311 3423 2670 3314 2703 2699 2767 2834 2972 2879 2889 2959 2982 3008
86 68 321 46 99 143 102 263 175 177 131 225 227 296 278
3542 3930 3730 3824 3497 3450 3838 3731 3828 3452 3687 3475 3603 3485 3518 3800 3488 3557 3604 3503 3891 3785 3737 3543 3640 3528 3574 3527 3762 3471 3686 3559 3462 3576 3670 3573 3578 3966 3672 3605 3702 3611 3514 3902 3642 3545 3681 3707 3804 3790 3596 3845 3852 3658 3858 3860 3884 3913 3926 3635 3934 3627 3832 3940
3998 3980 3989 594 3983 3992 3981 4011 3988 3985 4031 3984 3982 3987 4034 3986 3990 3993 3997 3994 3995 3999 3996 4000 4001 4002 4003 4004 4005 4006 4007 4008 4009 4012 4013 4010 4015 4014 4019 4016 4020 4017 4021 4018 4022 4023 4024 4025 4026 4027 4028 4029 4032 4030 4035 4036 4033 4037 4038 3991
858 881 863 886 698 859 882 870 729 893 860 883 871 861 884 864 875 866 889 876 878 879 888 891 892 894 895 804 825
369 380 357 518 457 381 469 477 486 509 505 459 551 516 424 554 435
898 945 1014 1907 1108 971 1273 1661 942 1729 933 1515 1732 1638 941 1742 1451 1281 1704 1316 1706 1894 1215 1812 919 1786 1495 1081 984 1820 1406 1018 1309 1503 1824 1871 1166 1828 1032 1848 1751 1850 1066 969 1454 1893 1020 1282 1099 1102 1245 954 1261 1649 1303 1324 1373 1382 1396 1429 1489 1502 1508 1582 1595
1118 1733 1216 963 1837 901 1747 1371 903 1232 1892 1798 1629 958 1648 1601 1319 938 1784 1314 1186 1468 1787 1097 1802 992 1880 1363 1895 1378 1137 1333 1568 1424 1452 1493 1533 1548
538 447 376 563 375 572 448 645 354 451 428 474 671 377 520 423 367 464 374 571 471 420 517 373 570 489 683 392 348 545 445 358 555 455 652 430 383 418 371 568 481 384 669 472 475 378 547 350 450 406 359 556 456 365 562 462 349 546 446 352 549 449 646 355 552 452 356 553 453 360 557 361 558 458 362 559 363 560 460 368 565 465 370 567 372 569 566 382 385 386 387 388 390 587 391 1967 379 394 591 395 396 593 397 398 400 401 402 403 404 405 407 604 408 409 411 431 439 440 442 443 444 461 463 466 467 468 470 473 478 479 676 480 482 485 487 488 490 491 492 493 494 495 496 497 498 499 500 502 503 504 506 507 508 510 511 512 513 514 515 519 521 522 523 524 525 527 528 529 530 531 532 533 534 535 536 537 539 540 541 542 543 544 548 550 561 586 1777 610 413 614 417 673 410 412 416 419 421 422 425 426 429 432 433 634 434 436 437 427 415 438
576 623 581 678 648 579 658 611 589 627 582 679 575 672 622 602 573 670 620 574 621 597 577 674 624 578 675 583 680 584 681 631 585 682 588 685 590 592 639 595 598 599 600 603 605 607 608 414 609 612 613 615 616 617 618 619 640 642 643 644 647 650 653 654 655 656 657 659 660 661 662 663 664 665 666 667 668 677 684 625 626 628 630 632 633 635 636 638
3271 3218 3141 3354 3216 2799 2776 2861 3105 3122 3053 3200
1912 2309 2591 2573 2586 2541 2147 2450 2056 1943 2340 2140 2507 2113 2604 2506 2109 2112 2449 2646 2055 2546 1953 2350 2347 2150 2535 2524 2468 2074 2077 2106 2548 2542 2446 2543 2200 2482 2579 2437 2040 2634 2237 2484 2454 2551 2154 2354 2266 2069 2457 2060 2654 2257 2063 2460 2554 1963 2504 2462 2559 2165 2467 2073 2470 2564 2167 2469 2275 2078 2477 2083 2574 1983 2478 1984 2381 2481 2084 2578 2184 2386 1989 2485 2088 2487 2090 2093 2584 1993 2190 2492 2095 2098 2495 2395 2499 2596 2005 1929 2326 2521 2124 2526 2527 2532 2142 2539 2545 2549 2550 2552 1961 2553 1962 2359 2556 2558 2164 2561 2560 2563 2576 2179 1985 2382 2590 2593 2595 2201 2600 2206 2602 2606 2212 2607 2210 2213 2611 2615 2218 2619 2621 2623 2624 2625 2630 2233 2631 2234 2638 2655 2258 2064 1917 1918 2115 1925 2122 1938 1942 2339 2139 2536 1946 1956 2353 1966 2363 1971 2168 2565 1979 2376 1986 2383 1996 2393 1997 2017 2414 2037 2045 2442 2046 2443 2058 2059 2067 2464 2079 2476 2086 2483 2092 2489 2094 2100 2103 2500 2104 2108 2118 2121 2123 2520 2131 2528 2136 2172 2569 2178 2575 2188 2195 2204 2601 2216 2613 2217 2220 2229 2245 2253 2261 2262 2263 2269 2271 2276 2278 2281 2287 2288 2290 2299 2300 2301 2303 2306 2307 2308 2311 2321 2323 2324 2329 2331 2334 2348 2352 2356 2369 2370 2374 2375 2387 2391 2392 2404 2407 2408 2409 2410 2418 2021 2019 2020 2422 2423 2421 2427 2030 2428 2429 2430 2033 2431 2034 2433 2439 2240 2041 2441 2044 2043 2244
3203 3214 3411 3261 3204 3401 3205 2808 3302 3252 2855 3206 3403 3253 2856 3207 3404 3057 3427 3327 3208 2811 3405 3429 3305 3255 2858 3209 2812 3406 3306 3256 2859 3210 2813 3407 3307 2728 1534 3128 2725 3233 2836 3330 2933 3211 3408 3011 3308 3258 3212 3409 3259 3235 3432 3332 2935 3215 2818 3412 3312 3262 2865 3217 2820 3264 3416 3019 3316 3221 2824 3418 3222 2825 3419 3319 2922 3420 1450 3320 1726 2923 3224 3421 3321 3225 2828 3422 3322 3239 2842 3240 2843 1642 3236 3230 2833 3415 3291 2894 3241 2844 3244 1656 2847 3245 2848 3246 2849 3247 3248 3249 2863 3263 3265 2868 3266 2869 3267 2870 3268 2871 2677 3270 3272 2875 1666 3260 3254 2857 3242 2845 3273 2876 3274 3275 2878 3276 3277 3278 1684 2881 1505 3099 2696 3279 2882 3280 2883 3281 3282 3285 3287 3288 3289 2892 3292 2895 3295 2898 3296 3297 2900 3298 2901 3310 3313 3299 3323 2926 3326 3328 3329 2932 3331 2934 3334 2937 3335 2938 3336 2939 3337 3338 2941 3340 3341 3342 3343 2752 3344 2947 3345 3346 2949 3347 2950 3349 3350 3351 2954 2760 3352 1758 2955 3353 3355 2958 3356 3357 3358 3359 2962 3360 3361 2964 3164 3366 2775 3367 2970 3368 2971 3369 3370 2973 3173 3371 3373 2976 3374 3375 3376 2979 3377 2980 3378 3379 3380 2983 2984 3383 3385 3386 2989 3389 2992 3391 3393 2996 3395 3396 2999 990 3381 2975 3397 3398 3001 3410 3424 3425 3431 3034 3434 2678 2822 3219 2968 3365 3005 3402 3136 2739 2826 3223 2724 3100 3162 2765 3168 2771 3178 2781 3179 2734 1140 2764 3020 3062 2665 3079 2682 3165 2768 2693 3101 2903 3201 2804 3097 2700 2707 3111 2714 3186 2661 2662 2667 2668 2671 2672 2674 2675 2684 2685 2686 2687 2688 2690 2691 2692 2697 2701 2702 2708 2709 2711 2712 2713 2715 2716 2718 2719 2720 2721 2722 2723 2727 2730 2733 2735 2736 2737 2742 2744 2747 2748 2751 2753 2758 2762 2770 2772 2778 2779 2780 2783 2784 2785 2787 2788 2790 2791 2792 2793 2795 2796 2797 2801 2802 2803 2805 2816 2819 2823 2829 2830 2831 2832 2840 2841 2846 2853 2860 2886 2893 2904 2914 2918 2921 2936 2942 2951 2957 2965 2990 2991 2995 2997 2998 3002 3006 3007 3009 3012 3013 3015 3016 3017 3018 3021 3024 3027 3028 3031 3032 3035 3037 3038 3039 3041 3043 3046 3048 3049 3050 3051 3058 3060 3061 3063 3066 3067 3068 3069 3070 3071 3072 3075 3076 3077 3081 3082 3083 3086 3087 3088 3089 3091 3093 3094 3102 3103 3106 3107 3109 3110 3112 3113 3115 3116 3118 3120 3121 3124 3125 3126 3132 3133 3134 3138 3140 3144 3145 3146 3148 3150 3151 3152 3154 3155 3156 3157 3159 3160 3161 3167 3169 3170 3171 3172 3175 3176 3177 3182 3183 3185 3187 3188 3189 3190 3191 3192 3194 3196 3197 3198 3199
3213 3228 2743 2940 3243 2705 2746 3143 2943 3300 3394 3000 3226 2741 3250 2890 3237 3040 2738 3135 3426 3029 3229 2835 3232 2669 2866 2766 3163 2963 2969 3388 2994 2806 3387 2910 3414 3220 3417 3023 2782 3315 3362 2880 3227 3030 3339 2945 3436 3042 2757 3348 2754 3390 2993 2899 3392 3399 3400 2809 3303 2906 2909 3413 3428 3231 2837 3234 2749 2946 2839 3036 3433 3333 3435 3238 2756 3153 2953 2663 2664 2761 3158 2666 3257 2763 2960 2673 2873 2773 2679 3073 2676 2680 2877 2777 3174 2974 2689 2786 2694 2891 2695 3092 3286 2698 3095 2706 2710 3301 2907 3304 2807 3004 2717 3114 2726 3123 2729 2731 2928 2745 3142 2750 2755 2952 2759 2956 2769 3166 2966 3363 2789 2986 2794 2798 3195 2800 2810 2815 2821 2827 2850 3047 2851 2852 2854 2862 3059 2864 2867 3064 2872 3269 2874 2884 2887 3284 3084 2888 2896 3293 2897 3294 2905 2908 2911 2912 2913 2915 2916 2917 2919 2920 3317 2924 2925 2927 3324 2929 2931 2944 2948 2961 2967 3364 2977 2978 2981 2985 2987 3384 2988 3010 3014 3022 3025 3026 3033 3430 3044 3045 3052 3054 3056 3065 3078 2681 3080 2683 3085 3090 3096 3098 3104 3108 3117 3119 3129 3130 3137 3139 3149 3184 3193 3202
1645 1248 1624 1227 1671 1274 1607 1210 1016 1654 1257 1630 1233 939 1677 1606 1015 1628 1231 1658 1634 1237 1831 1681 1284 1615 1218 936 1616 1713 937 1731 1225 1627 1625 1228 1822 1025 1672 1275 1602 1631 1234 940 1633 1236 1830 1033 1036 1680 1635 1682 1636 1640 1217 1611 1808 1011 1646 1249 1599 1202 1008 1647 483 1277 1650 1253 1655 1258 1244 1641 1667 1270 1657 1260 1660 1263 1664 1673 1276 1676 1279 1679 484 1686 1311 1691 1294 1692 1295 1694 900 1297 1315 1698 1301 910 1307 1690 1695 1298 929 1320 935 905 917 1711 914 911 1708 1308 1693 896 1296 1687 908 1705 1696 899 902 1699 1299 909 1703 1306 1709 912 915 913 1310 1701 107 904 1304 1715 918 1318 1716 1720 923 924 930 1727 931 1728 1725 928 1719 1322 1739 1740 943 1744 950 956 944 1738 957 1748 951 948 1745 1749 955 949 1743 1755 961 1760 968 974 1756 1763 975 964 965 1762 1759 962 1766 1770 970 1767 1764 1773 976 985 1776 979 977 580 596 981 1778 1785 988 987 1781 606 1403 989 1783 986 1002 1792 601 1794 1000 994 1788 996 1790 1001 1005 1013 1019 1007 1801 1803 1010 1807 1012 1806 1009 1814 1027 1030 1021 1818 1815 1022 1023 1031 1825 1834 1037 1035 1829 1046 1841 1044 1041 1838 1042 1043 1840 1844 1045 1847 1050 1053 1051 1052 1853 1061 1055 1857 1060 1057 1854 1058 1855 1065 1862 1062 1859 1064 1866 1067 1869 1072 1070 1071 1872 1873 1073 1870 1875 1876 1082 1077 1878 1080 1881 1882 1884 1087 1885 1088 1887 1090 1889 1095 1089 1890 1093 1096 1094 1896 1103 1098 1899 1105 1100 1897 1904 1104 1901 1905 1906 1109 1106 1903 1908 1111 1114 1910 1113 1119 1120 1121 1115 1122 1127 1129 1131 1133 1134 1136 1138 1139 1141 1142 1143 1144 1145 1576 1179 353 1147 389 1183 1148 1152 1154 1155 1158 1159 1162 1165 1167 1168 1169 1170 1171 1174 1176 1177 1178 1187 1188 1189 1190 1192 1193 1194 1197 1200 1203 1204 1206 1208 1212 1213 1221 1223 1224 1226 1229 1235 1240 1241 1246 1247 1251 1252 1254 1259 1262 1264 1266 1268 1286 1292 1300 1313 1317 1325 1326 1328 1332 1338 1342 1343 1345 1347 1348 1349 1350 1353 1354 1355 1356 1357 1358 1360 1362 1364 1366 1368 1372 1374 1379 1381 1384 1385 1386 1387 1392 1394 1395 1397 1400 1404 1408 1410 1412 1413 1414 1415 1417 1418 1421 1422 1423 1425 1426 629 1427 1428 1430 1432 1433 1434 637 1436 1438 641 1441 1442 1443 1444 1445 1446 649 1448 651 1453 1455 1459 1462 1464 1466 1469 1472 1473 1474 1475 1477 1478 1479 1481 1482 1486 1487 1490 1492 1494 1496 1497 1499 1500 1504 1506 1507 1510 1511 1512 1514 1525 1526 1529 1531 1536 1541 1543 1544 1545 1546 1549 1550 1552 1555 1558 1560 1562 1564 1565 1566 1567 1569 1573 1574 1575 1578 1579 1581 1583 1585 1586 1587 1588 1591 1592 1593 1596 366
852 755 850 753 777 846 749 808 711 855 758 761 853 756 828 731 687 836 739 789 692 837 740 838 741 839 742 840 743 841 744 842 745 843 746 890 693 696 844 747 845 748 847 750 848 751 849 752 851 754 854 856 759 869 780 686 880 831 734 690 688 689 786 691 694 695 697 699 700 701 702 703 704 705 706 707 708 709 710 712 713 714 715 716 717 718 719 720 721 722 723 724 725 726 727 728 730 757 760 763 764 765 762 767 768 769 766 770 773 774 771 775 772 781 778 782 779 784 785 783 787 790 794 791 795 792 796 793 797 798 799 800 801 802 803 805 806 809 810 807 812 811 816 813 817 814 818 815 819 820 821 822 823 824 826 829 827 735 732 832 736 733 833 830 834 835 737 788 738
1597 1644 1620 1817 1420 1598 1201 1795 1398 1621 1609 1668 1271 1865 1765 1632 953 1603 1800 1006 1626 1823 1029 1723 1600 1697 921 1623 1670 1867 1470 1079 1476 1604 1207 925 1651 1702 1305 1652 1255 1849 1610 1707 1612 1809 1659 1856 1068 1613 1810 1605 1026 926 1323 1618 1665 1619 1222 1816 1419 1028 1622 1819 1078 1220 1617 1614 1608 1211 1805 1017 1811 1643 1637 1639 1242 1836 1439 1736 1339 1653 1256 1750 1662 1265 1663 1860 1463 1674 1280 1771 983 1380 1675 1278 1084 1272 1669 1075 1757 1678 1683 907 1689 1886 1092 897 1291 1688 1685 1288 906 1700 1891 1712 1722 934 1331 946 1734 1337 922 1710 916 1724 1327 526 1717 920 1714 927 1721 1730 932 1329 1735 947 1741 1344 1737 1340 1752 952 1746 1753 959 973 1370 966 1754 960 967 1761 1768 1769 972 1369 1774 980 1377 1775 978 1772 1375 1779 991 1388 1780 1383 1782 982 1003 1797 993 1390 995 1789 1796 1399 997 1791 998 1799 1402 999 1793 1804 1407 1004 1401 1813 1416 1821 1024 1826 1827 1832 1038 1435 1833 1039 1034 1431 1835 1047 1839 1040 1437 1842 1048 1054 1845 1846 1449 1049 1843 1851 1063 1460 1852 1056 1858 1461 1059 1456 1861 1864 1467 1076 1868 1074 1471 1069 1863 1874 1086 1483 1877 1083 1480 1879 1091 1488 1883 1888 1491 1898 1501 1900 1101 1498 1902 1107 1909 1110 1911 1117 1112 1509 1116 1513 1123 1520 1124 1521 1125 1522 1126 1523 1128 1130 1527 1132 1135 1532 1150 1547 1160 1557 1163 1173 1570 1146 1149 1151 1153 1156 1553 1157 1554 1161 1164 1561 1172 1175 1572 1180 1181 1182 1184 1185 1191 1195 1196 1198 1199 1205 1209 1214 1219 1230 1238 1239 1243 1250 1267 1269 1283 1285 1287 1289 1290 1293 1302 1312 1321 1330 1334 1335 1336 1341 1346 1351 1352 1359 1361 1365 1367 1376 1389 1391 1393 1405 1409 1411 1440 1447 1457 1458 1484 1485 1516 1517 1518 1519 1524 1528 1530 1535 1537 1538 1539 1540 1542 1551 1556 1559 1563 1571 1580 1584 1589 1590 1594
53 196 242 24 254 300 346 101 92 299 180 249 80 57 94 187 302 194 204 266 330
