1000
0: 80 108 235 713
1: 670 785 816 869
2: 116 271 397 770 853
3: 182 200 524 634 983
4: 60 77 328 651 856
5: 7 120 150 342 743 788
6: 127 179 255 358 407
7: 5 110 116 125 259 306 412 474 523 533 690 713 890
8: 281 322 538 586 611 851 866
9: 243 437 462 605 642 705 794 804
10: 443 515 569 695 763 816 835 902
11: 390 395 442 501 529 706 793 869 922
12: 168 180 563 714 745
13: 47 132 456 468 586 697 758 823
14: 178 203 278 584 975
15: 129 534 565 731 880 995
16: 290 308 582 631 765 826
17: 119 280 505 620 887 907
18: 305 435 444 564 589 623 875
19: 204 562 625 653
20: 57 159 519 601 642 647 681 714 933 955
21: 518 521 553 603 647 660 894 898
22: 516 587 590 959
23: 625 660
24: 585 600 905
25: 157 306 378 383 390 397 774 864
26: 79 123 159 193
27: 114 153 434 477 933
28: 42 291 347 413 785 878
29: 108 124 271 699 719 770 873 875
30: 214 244 964
31: 91 136 246 328 350 362 365 371 895 905 953 965
32: 48 269 578 708 834
33: 40 115 464 547 795 802
34: 210 281 289 290 306 583 589 651 800 892 950
35: 179 287 901 915
36: 232 327 399 970
37: 265 312 470
38: 648 714 781
39: 142 245 538 626 686
40: 33 80 91 253 271 331 343 955
41: 57 330 408 415 510 577
42: 28 140 338 402 675 835
43: 130 270 514 811 916 959
44: 191 453 556 659 973
45: 405 440 842 912 917
46: 64 136 345 491 554 557 596 709 802
47: 13 139 174 189 345 545 854
48: 32 331 376 653 920 928
49: 281 448 501 619 883
50: 78 398 492 600 674 985
51: 357 398 678
52: 394 499 644 679 789 857
53: 384 465 645 997
54: 79 153 227 303 508 514 566 592 645 739 744 811
55: 206 580 701 894 915 952
56: 379 475 509 813 946
57: 20 41 115 141
58: 295 576 617 660 733 739
59: 176 436 478 498 749
60: 4 114 214 239 259 286 726 964
61: 311 562 714
62: 77 258 448 453
63: 200 330 377 434 444 567 599
64: 46 334 552 828
65: 285 395 420 492 701
66: 166 170 247 270 329 384 401 403 466 559 650 928
67: 136 162 441 636 691 707
68: 120 156 170 570 738 841
69: 242 766 772 833
70: 233 535 626 767 808 896
71: 159 437 506 562 870
72: 106 292 505 735 805 809 831 962
73: 276 285 481 647 673 689 728
74: 138 376 514 949
75: 113 624 630 657
76: 96 299 462 603 657
77: 4 62 111 383 388 395 523 588 590 822 836 924 951
78: 50 85 194 218 623 709 777 821
79: 26 54 87 149 252 325 407 566 744
80: 0 40 108 290 325 487 568 790 814
81: 98 514 639 871 992
82: 129 183 347 386 554 714 844 896
83: 325 334 479 957 975
84: 116 272 360 564 575 691 828 963
85: 78 88 194 224 280 358 468 508 916 971 984
86: 241 340 689 692 704 719 856 895
87: 79 146 217 505 522 617 634 721 955 962 966
88: 85 185 712 773 868 965
89: 821
90: 316 365 625 744 914 986
91: 31 40 160 210
92: 105 502 706
93: 180 710 814 874 988
94: 871 997
95: 389 464 746 887 913
96: 76 287 310 853
97: 111 328 396
98: 81 120 163 354 363 365 418 467 637 696 988
99: 291 387 457 546 619 696 699 837 953 965
100: 493 739 947 952 999
101: 116 393 806 965
102: 221 838
103: 725 786 949
104: 162 166 338 782 786 830 885
105: 92 176 555 641 705 734 815 923 933
106: 72 126 415 488 686 790
107: 136 181 201 312
108: 0 29 80 209 479 726 843 895 996
109: 578 659 703 840 921 932
110: 7 123 349 492 549 593 600 719 928
111: 77 97 112 352 493 500 571 683 861 908
112: 111 840
113: 75 152 436 448 514 527 747 789
114: 27 60 201 580 782
115: 33 57 126 155 251 271 425 457 485 620 694 719 740 919 988
116: 2 7 84 101 326 364 415 532 581 648 794 874 934
117: 560 713 783 844
118: 494 601
119: 17 151 247 487 528 692 744 823 839 920
120: 5 68 98 227 406 521 703 915 934
121: 316 357 423 788
122: 187 310 480 786 811 877
123: 26 110 413 642 658 748 752 874 983
124: 29 152 163 196 282 833 902 943 993
125: 7 149 169 251 298 495 513 605
126: 106 115 288 690 748
127: 6 324 331 380 426 474 559 934
128: 367 481 512 626 638 648 825 885
129: 15 82 138 585 943 984 992
130: 43 426 545 570 631 773 840 900
131: 351 647 688 850 998
132: 13 170 263 537 631 731 986
133: 284 398 446 573 585 809
134: 187 192 210 259 945
135: 532 769 801 807 855
136: 31 46 67 107 442 942 964
137: 837
138: 74 129 173 369 442 523 579 679 780 786 895
139: 47 300 358 374 463 731 818
140: 42 189 275 313 506 530 581 598 806
141: 57 269 349 354 358 462 751 871 981
142: 39 379 494 828
143: 144 168 198 345 565 637 865 880
144: 143 420 494 509 523
145: 327 689 729 762 782 812
146: 87 252 796
147: 346 614 709 775 799 908 934
148: 294 452 718 801 829 978
149: 79 125 904 908
150: 5 340 755 965
151: 119 204 308 959
152: 113 124 222 458 741
153: 27 54 239 302 310 402 714 817
154: 331 370 870
155: 115 273 528 773 829
156: 68 274 380 382 510 561 587
157: 25 188 358 501 525 530 818 911
158: 180 586 647 673 998
159: 20 26 71 396 445 519 724 750 760
160: 91 480 538 636 805 836 973
161: 314 842
162: 67 104 316 498 569 747 821 988
163: 98 124 180 484 750 829
164: 175 260 589 902
165: 517 688 731
166: 66 104 325 453 605
167: 424 489 592 918
168: 12 143 398 484 901
169: 125 201 545 671
170: 66 68 132 266 276 277 364 972
171: 224 249 340 571 579
172: 182 565 688 897
173: 138 281
174: 47 217 372 842 874 985 999
175: 164 209 361 475 537 579 614 838 969
176: 59 105 321 849
177: 567 656 933 958
178: 14 540 562 802 836 967
179: 6 35 522 607 756 954
180: 12 93 158 163 502 716
181: 107 477 578 630 869 928
182: 3 172 300 527 583
183: 82 219 364 497 650 698 767 926 954
184: 536 707 790
185: 88 201 441 456 560 984
186: 225 351 359 555 702 720 790 802 875 980
187: 122 134 410 512
188: 157 258 357 480 592 965
189: 47 140 386 507 517
190: 285 455 457 692
191: 44 331 338
192: 134 565 594 751 763 813 819
193: 26 199 226 334 361 603 789 882
194: 78 85 309 358 640 736 832 869
195: 481 500 578 630
196: 124 399 899
197: 487 749 888 988
198: 143 549 860
199: 193 377 626 695
200: 3 63 838 867
201: 107 114 169 185 234 459 546 746
202: 217 353 500 574 942
203: 14 356 379 446 663 694 879 912 976
204: 19 151 236 271 631 913
205: 233 439 549 579 674 682 724 821
206: 55 562 738 838
207: 218 364 624 640 644 797
208: 217
209: 108 175 346 519 683
210: 34 91 134 336 684 853
211: 226 244 357 716 916 941
212: 317 686
213: 375 639
214: 30 60 331 395 930
215: 228 279 544 575 729 759
216: 236 443 521 631
217: 87 174 202 208 663 886
218: 78 207 271 284 553 675 988
219: 183 230 515 717
220: 277 410 499 577 677 720 809
221: 102 238 450 467 627 666 722 793 887
222: 152 582
223: 350 381 701 852
224: 85 171 318 642 698 759 919
225: 186 259 707 738 795 804 883 968
226: 193 211 321 819 864 878 989
227: 54 120 232 239 378 595 745
228: 215 442 972
229: 529 594 818 935 970
230: 219 271 299 423 554 928
231: 374 611 806 881 957
232: 36 227 239 950 974 994
233: 70 205 640 820 967
234: 201 755 874 890 973
235: 0 354 843
236: 204 216 251 446 725 919
237: 271 278 307
238: 221 322 419 425 744 859 935
239: 60 153 227 232 267 315 575 655 704 748 861 944 949 962
240: 897 985 999
241: 86 564 589 874
242: 69 860 867
243: 9 535 883 979
244: 30 211 423 440 497 546 631 769 795 806 836
245: 39
246: 31 475 571 576 929
247: 66 119 345 395 480 601 619 687
248: 338 360 612 692 860
249: 171 394 428 435 444
250: 376 453 563 578 662 696 706 911
251: 115 125 236 720 802 911
252: 79 146 367 404 502 812 823
253: 40 469 482 497 851
254: 310 510 569 604 839 943 955
255: 6 460 505 538 563 697 714 732
256: 443 627 878 931
257: 374 750
258: 62 188 380 487 488 589 690 762 772 791
259: 7 60 134 225 602 608 631
260: 164 517 917
261: 512 807 842 911
262: 350 570 624 658 693 888
263: 132 369 898
264: 280 502 546 595 645 650 778
265: 37 709 782 787 883
266: 170 529 719 797
267: 239 439 550 643 827 902
268: 552 553 827 909 967
269: 32 141 707
270: 43 66 439 663
271: 2 29 40 115 204 218 230 237 315 332 339 633 979
272: 84 287 318 504 683 981
273: 155 566 656 802
274: 156 494 573 699 906
275: 140 598 849 851
276: 73 170 280 291 663
277: 170 220 367 417 759 854 915
278: 14 237 375 739 861 869
279: 215 345 361 679 749 758 837 855 910
280: 17 85 264 276 320 471 513 594 622 633 828 889
281: 8 34 49 173 368 379 549 733 742 802 950
282: 124 880
283: 455 486 557 628
284: 133 218 671 674
285: 65 73 190 403 465 529 563 981
286: 60 295 306 456 605 633 807 867
287: 35 96 272 303 372 467 620 718 835 982
288: 126 520 719 752 761
289: 34 449 750
290: 16 34 80 562 863 899
291: 28 99 276 407
292: 72 418 427 487 691 736 838 871
293: 394 741 908
294: 148 322 346 419 564 594 637
295: 58 286 321 358 420 556 564 634 963
296: 526 875
297: 331 635 656 804 825
298: 125 704
299: 76 230 361 507 628 656 951
300: 139 182 379 487 558 770 887 888
301: 522 576 606 739 861
302: 153 476 668 703
303: 54 287 525 558 616 869 930 944
304: 305 380 516 698 782
305: 18 304 468 474 514 591 824 967
306: 7 25 34 286 339 543 687 847 851 874 952
307: 237 876
308: 16 151 488 524 526 563 593 628 667 914 963
309: 194 438 670 905 909 912
310: 96 122 153 254 360 441 478
311: 61 602 770
312: 37 107 362 665
313: 140 443 599 747 933
314: 161 494 564 633 878
315: 239 271 318 354 473 902 939 972
316: 90 121 162 372 382 553 726
317: 212 378 524 525
318: 224 272 315 339 473 529 553 593 705 963
319: 766
320: 280 420 463 811
321: 176 226 295 325 846 999
322: 8 238 294 379 601 941
323: 419 596 828 865 878 917 983
324: 127 512 648 680 722 943
325: 79 80 83 166 321 450 813
326: 116 467 743 805 844
327: 36 145 393 424 601
328: 4 31 97 355 375 452 788
329: 66 464 465 596 814 828 910 946
330: 41 63 460 689
331: 40 48 127 154 191 214 297 343 803 887 919
332: 271 448
333: 337 430 571 599 732 783 904
334: 64 83 193 604 640 858 976
335: 336 434 520 743 856 995
336: 210 335 433 434 437 762 828 905 910
337: 333 359 464
338: 42 104 191 248 414 454 531 698 847 999
339: 271 306 318 846 880
340: 86 150 171 818 838 933
341: 551 815
342: 5 502 633 997
343: 40 331 472 834 970 987
344: 615 675 754 758 811 854 884 941 966 992
345: 46 47 143 247 279 670 813
346: 147 209 294 769 833 855 881 926 960
347: 28 82 670 702 769
348: 570 862
349: 110 141 405 417 553 766 778 854 862
350: 31 223 262 882 891
351: 131 186 642 706 752 983
352: 111 795 879
353: 202 436 779 814 926 940
354: 98 141 235 315 361 593 693 756 773 846
355: 328 395 717 732 954
356: 203 406 525 570 654 671 824
357: 51 121 188 211 521 580 861 898
358: 6 85 139 141 157 194 295 368 639 686 719
359: 186 337 497 527 751 770 771
360: 84 248 310 552 589 969
361: 175 193 279 299 354 511 526 629 788 834 960
362: 31 312 750 947
363: 98 401 623
364: 116 170 183 207 422 512 523 610 714 741
365: 31 90 98 851
366: 
367: 128 252 277 458 676 703 761 842 868 931
368: 281 358 513 577
369: 138 263 544 633 635 703 926
370: 154 429 597 757 977
371: 31 531 592 607 650 690
372: 174 287 316 373 375
373: 372 542 581 711
374: 139 231 257 477 538 578 581 631 774 791 823
375: 213 278 328 372 754 756 810 845
376: 48 74 250 480 694 720 766 891
377: 63 199
378: 25 227 317 845
379: 56 142 203 281 300 322 453 752 806
380: 127 156 258 304 958
381: 223 428 674 820 823 936
382: 156 316 429 705 976
383: 25 77 432 591
384: 53 66 557 565 578 874 919
385: 554 597
386: 82 189 619 664 886
387: 99 408 616 636 803 969
388: 77 656 658 788
389: 95 686 830
390: 11 25 418 505 510 630
391: 496 669 797 915
392: 466 541 664
393: 101 327 481 685 728 788 897
394: 52 249 293 438 721 732 767
395: 11 65 77 214 247 355 492 745 777
396: 97 159 623 745 856
397: 2 25 584 692
398: 50 51 133 168 908
399: 36 196 420 646 792 982
400: 472 614 861 947
401: 66 363 425 528 665 857 950
402: 42 153 416 505 869 922
403: 66 285 482 574 581 585 818 820 861
404: 252 507 784 845 979
405: 45 349 437 486 531 849 864
406: 120 356 820 973
407: 6 79 291 770 916
408: 41 387 663 718 731 904
409: 425 633 767
410: 187 220 587 624 632 647 689 943
411: 549 600 674 692 717 970
412: 7 416 433 728 967
413: 28 123 596 685
414: 338 491 537
415: 41 106 116
416: 402 412 715 751 902
417: 277 349 632 779 791 818 904 987
418: 98 292 390 563 757 870 925 972
419: 238 294 323 430 601
420: 65 144 295 320 399 682 773 776 830
421: 558 799 907
422: 364 663 922
423: 121 230 244 430
424: 167 327 825 843 884 923 981
425: 115 238 401 409 580 670 925
426: 127 130 436 444 494 519 530 590 727 774 787 938 947
427: 292 959
428: 249 381 433 661 718 868 943 947 972
429: 370 382 508 676 859 994
430: 333 419 423 578 627
431: 523 641 750
432: 383 642 864
433: 336 412 428 879 889 955 992
434: 27 63 335 336 706 758 963
435: 18 249 626 786 797
436: 59 113 353 426 593
437: 9 71 336 405 646 720
438: 309 394 447 526 606
439: 205 267 270 730 775 852 913
440: 45 244 504 533 551 763
441: 67 185 310 466 601 608 978
442: 11 136 138 228 609 779 828
443: 10 216 256 313 719 720 856 924
444: 18 63 249 426 521 522 584 938
445: 159 639 658 811 829 883
446: 133 203 236 465 677 908 942
447: 438 557 632 640 670 757
448: 49 62 113 332 507 640 826 879
449: 289 939
450: 221 325 601 662 752 883 996
451: 456 603 869 935
452: 148 328 729 838
453: 44 62 166 250 379 580 796 872 877
454: 338 509 814 966
455: 190 283 617 741 755 808 859 883
456: 13 185 286 451 787 832 857 889 974 991
457: 99 115 190 732 768 788
458: 152 367 480 492 801
459: 201 485 555 666 749 951
460: 255 330 745 842 907 944 991
461: 568 846 968
462: 9 76 141 770 938 956 987
463: 139 320 482 755
464: 33 95 329 337 607 616 813 857
465: 53 285 329 446 525 569 598 683 712 732 803 835 864
466: 66 392 441 481 956 996
467: 98 221 287 326 756 765 767 853 946 970
468: 13 85 305 534 543 836
469: 253 479 565 567
470: 37 817
471: 280 789 846 879 882 901
472: 343 400 526 531 740 771 869
473: 315 318 727 988
474: 7 127 305 607 647 802 821
475: 56 175 246 587 806
476: 302 572 578
477: 27 181 374 692 852 859 993
478: 59 310 552 634 644 958
479: 83 108 469 566 619 739 752
480: 122 160 188 247 376 458 566 586 764 840 976
481: 73 128 195 393 466 872 976
482: 253 403 463 562 776
483: 517 814 910
484: 163 168 535 782
485: 115 459 665 759
486: 283 405 503 524 737 949 955
487: 80 119 197 258 292 300 534 570 644 672 713 726 770 986
488: 106 258 308 525 690 778 888
489: 167
490: 
491: 46 414 726
492: 50 65 110 395 458 732 745 788 930 941
493: 100 111 577 620 709
494: 118 142 144 274 314 426 668 752
495: 125 748 799 925
496: 391 553 824
497: 183 244 253 359 546 847 907 988
498: 59 162 660 665 762 892
499: 52 220 559 764 834
500: 111 195 202 674 905 991
501: 11 49 157
502: 92 180 252 264 342 694
503: 486 574 635
504: 272 440
505: 17 72 87 255 390 402 548 580 582 977
506: 71 140 844 866
507: 189 299 404 448 527 688 895
508: 54 85 429 985
509: 56 144 454 551 781
510: 41 156 254 390 784 796 896 932 940
511: 361 592 912
512: 128 187 261 324 364 542 826
513: 125 280 368 695 720 981
514: 43 54 74 81 113 305 607 610 645 742 768
515: 10 219 931
516: 22 304 633 767 869
517: 165 189 260 483 899
518: 21 625 664 872 995
519: 20 159 209 426 643 741 846 994
520: 288 335 613 883
521: 21 120 216 357 444
522: 87 179 301 444 601 621
523: 7 77 138 144 364 431
524: 3 308 317 486 726 766
525: 157 303 317 356 465 488 713
526: 296 308 361 438 472 893 998
527: 113 182 359 507 662 734
528: 119 155 401 533 676 987
529: 11 229 266 285 318 572 775 896 983
530: 140 157 426 678 713
531: 338 371 405 472 640 663 734 763
532: 116 135 934
533: 7 440 528 594 662 713 739 814
534: 15 468 487 937
535: 70 243 484 768 783 871
536: 184 555 650 662
537: 132 175 414 671 930
538: 8 39 160 255 374 980
539: 660 682 700 722 744 910
540: 178 584 653
541: 392 721 763
542: 373 512 904 959
543: 306 468 565 697 827 925 943 948
544: 215 369 584 650 719 819 979
545: 47 130 169 555 559 747 900
546: 99 201 244 264 497 881 883
547: 33 599 629 630 944 962 970
548: 505 711
549: 110 198 205 281 411 606 774
550: 267 592 634
551: 341 440 509 595 648 786 806 858 947
552: 64 268 360 478 557 645 657 838
553: 21 218 268 316 318 349 496
554: 46 82 230 385 670
555: 105 186 459 536 545 616
556: 44 295 756 951 980 989
557: 46 283 384 447 552 871 885 898
558: 300 303 421 794
559: 66 127 499 545 853
560: 117 185
561: 156 748 940
562: 19 61 71 178 206 290 482 951
563: 12 250 255 285 308 418 590
564: 18 84 241 294 295 314 842
565: 15 143 172 192 384 469 543 679 732 814 887 997
566: 54 79 273 479 480 635 864 911
567: 63 177 469 632 649 682 806
568: 80 461 585 601 684 715 951
569: 10 162 254 465 643 858 938 948 982
570: 68 130 262 348 356 487 721 787
571: 111 171 246 333 633 975
572: 476 529 741
573: 133 274 602 615 645 752 827 918
574: 202 403 503 707 904 985
575: 84 215 239 654 753 798 921
576: 58 246 301 597 621 855
577: 41 220 368 493 596
578: 32 109 181 195 250 374 384 430 476
579: 138 171 175 205 844
580: 55 114 357 425 453 505 607 630
581: 116 140 373 374 403 716 752 820 825 935
582: 16 222 505 650 987
583: 34 182 636 840
584: 14 397 444 540 544
585: 24 129 133 403 568 731 799
586: 8 13 158 480 934 984
587: 22 156 410 475 612 662 952
588: 77 646 871 907 956
589: 18 34 164 241 258 360 663 698 731 785 814 845 973 975
590: 22 77 426 563 734 745 767
591: 305 383 652 841 918 937
592: 54 167 188 371 511 550 704 754 927
593: 110 308 318 354 436 719 811
594: 192 229 280 294 533 613 719
595: 227 264 551 634 698 794
596: 46 323 329 413 577 687 740 831
597: 370 385 576 676 797 955
598: 140 275 465 673 943 999
599: 63 313 333 547
600: 24 50 110 411 634 663 847 933
601: 20 118 247 322 327 419 441 450 522 568 610 621 637 789 823
602: 259 311 573
603: 21 76 193 451 772
604: 254 334 802
605: 9 125 166 286 783
606: 301 438 549 667 893 929 975
607: 179 371 464 474 514 580 708 972
608: 259 441 642 738 745
609: 442 619 809
610: 364 514 601 724 795 818
611: 8 231 769 997
612: 248 587 763
613: 520 594 682
614: 147 175 400 616 878
615: 344 573 815 820
616: 303 387 464 555 614 676 761 972
617: 58 87 455 740 793
618: 802
619: 49 99 247 386 479 609
620: 17 115 287 493 624 699 792 837
621: 522 576 601 717 799 869 917
622: 280 686 825
623: 18 78 363 396 677 718 814 831 842
624: 75 207 262 410 620 915
625: 19 23 90 518 850 873 885
626: 39 70 128 199 435 754 806 900 979
627: 221 256 430 739 765 900
628: 283 299 308 767 773 885
629: 361 547 841 910 928
630: 75 181 195 390 547 580 801 827 891
631: 16 130 132 204 216 244 259 374 650 772 800 887
632: 410 417 447 567
633: 271 280 286 314 342 369 409 516 571 639 691
634: 3 87 295 478 550 595 600
635: 297 369 503 566 725 814
636: 67 160 387 583 740 865
637: 98 143 294 601 704 729
638: 128
639: 81 213 358 445 633 647 816 842 972 990
640: 194 207 233 334 447 448 531 875
641: 105 431 885
642: 9 20 123 224 351 432 608 681 988
643: 267 519 569 918
644: 52 207 478 487 815
645: 53 54 264 514 552 573 800 875 938
646: 399 437 588 766 779 869
647: 20 21 73 131 158 410 474 639 974
648: 38 116 128 324 551 894 901
649: 567 677 708 765
650: 66 183 264 371 536 544 582 631 729
651: 4 34 813 885 904
652: 591 706 803 922 949
653: 19 48 540 733 790 875
654: 356 575 701 862 893 926 950
655: 239
656: 177 273 297 299 388 737
657: 75 76 552
658: 123 262 388 445 912
659: 44 109 936
660: 21 23 58 498 539 707 980
661: 428 715
662: 250 450 527 533 536 587 727 865 887
663: 203 217 270 276 408 422 531 589 600 706 707 762
664: 386 392 518 757
665: 312 401 485 498 908
666: 221 459
667: 308 606 758 794
668: 302 494 740 811 952
669: 391 880
670: 1 309 345 347 425 447 554 694 809 954 974
671: 169 284 356 537
672: 487 699 752
673: 73 158 598
674: 50 205 284 381 411 500 865 896
675: 42 218 344 744 879 898
676: 367 429 528 597 616 864 871
677: 220 446 623 649 724 938
678: 51 530
679: 52 138 279 565 806 815
680: 324 760 933 965
681: 20 642 709
682: 205 420 539 567 613 757 834 864 992
683: 111 209 272 465 760
684: 210 568 842 967 986
685: 393 413 820 829
686: 39 106 212 358 389 622 873 957
687: 247 306 596 736 783 802
688: 131 165 172 507 948
689: 73 86 145 330 410 819 916 980
690: 7 126 258 371 488 748 759 878
691: 67 84 292 633 773 819 965
692: 86 119 190 248 397 411 477 727 754
693: 262 354 822 954
694: 115 203 376 502 670
695: 10 199 513 745 758
696: 98 99 250
697: 13 255 543 698
698: 183 224 304 338 589 595 697 838
699: 29 99 274 620 672 781 901 921
700: 539 745 762 823
701: 55 65 223 654
702: 186 347 755 909
703: 109 120 302 367 369 907
704: 86 239 298 592 637 904
705: 9 105 318 382 706 761 867 884 908
706: 11 92 250 351 434 652 663 705
707: 67 184 225 269 574 660 663 949 978
708: 32 607 649 856
709: 46 78 147 265 493 681
710: 93 739 877
711: 373 548 721
712: 88 465 815
713: 0 7 117 487 525 530 533
714: 12 20 38 61 82 153 255 364 851
715: 416 568 661 806 823 959 990
716: 180 211 581 814 954
717: 219 355 411 621 747 761 914
718: 148 287 408 428 623 775
719: 29 86 110 115 266 288 358 443 544 593 594
720: 186 220 251 376 437 443 513 722 948 990
721: 87 394 541 570 711 752 961 971
722: 221 324 539 720 820
723: 763 789 865 924 925
724: 159 205 610 677 903 979
725: 103 236 635
726: 60 108 316 487 491 524
727: 426 473 662 692 752 868
728: 73 393 412 907
729: 145 215 452 637 650 789
730: 439 908 932
731: 15 132 139 165 408 585 589
732: 255 333 355 394 457 465 492 565 851 913 919 996
733: 58 281 653 961
734: 105 527 531 590
735: 72 815 834
736: 194 292 687 896 940
737: 486 656 933
738: 68 206 225 608 791 852 878 913
739: 54 58 100 278 301 479 533 627 710 782 939 994
740: 115 472 596 617 636 668 779
741: 152 293 364 455 519 572 898 945 963
742: 281 514 792 905
743: 5 326 335 850 883
744: 54 79 90 119 238 539 675 803 843 889
745: 12 227 395 396 460 492 590 608 695 700
746: 95 201
747: 113 162 313 545 717 908 984 995
748: 123 126 239 495 561 690 883
749: 59 197 279 459
750: 159 163 257 289 362 431
751: 141 192 359 416 990
752: 123 288 351 379 450 479 494 573 581 672 721 727 795
753: 575
754: 344 375 592 626 692 846 853
755: 150 234 455 463 702 964
756: 179 354 375 467 556 999
757: 370 418 447 664 682 779 957
758: 13 279 344 434 667 695 863 914 980
759: 215 224 277 485 690
760: 159 680 683
761: 288 367 616 705 717 826
762: 145 258 336 498 663 700 886
763: 10 192 440 531 541 612 723 903 992
764: 480 499 778 803 943
765: 16 467 627 649 902
766: 69 319 349 376 524 646 794 857
767: 70 183 394 409 467 516 590 628 919 933
768: 457 514 535
769: 135 244 346 347 611 875
770: 2 29 300 311 359 407 462 487 772 847
771: 359 472 802
772: 69 258 603 631 770 953
773: 88 130 155 354 420 628 691 810
774: 25 374 426 549
775: 147 439 529 718 803
776: 420 482 849
777: 78 395 855 879 983
778: 264 349 488 764 981
779: 353 417 442 646 740 757
780: 138
781: 38 509 699 825 837
782: 104 114 145 265 304 484 739 942 998
783: 117 333 535 605 687 837 894 971
784: 404 510 792 937
785: 1 28 589 842
786: 103 104 122 138 435 551 994
787: 265 426 456 570 865 959 984
788: 5 121 328 361 388 393 457 492 808 961
789: 52 113 193 471 601 723 729 823 991
790: 80 106 184 186 653 824
791: 258 374 417 738 805
792: 399 620 742 784
793: 11 221 617 823 924 979 987
794: 9 116 558 595 667 766 990
795: 33 225 244 352 610 752 846
796: 146 453 510
797: 207 266 391 435 597 962
798: 575
799: 147 421 495 585 621 822 922
800: 34 631 645 841
801: 135 148 458 630 866 873 893 941 971
802: 33 46 178 186 251 273 281 474 604 618 687 771 958
803: 331 387 465 652 744 764 775 881
804: 9 225 297 838 846 979 980
805: 72 160 326 791 992
806: 101 140 231 244 379 475 551 567 626 679 715 896
807: 135 261 286
808: 70 455 788
809: 72 133 220 609 670 866 974
810: 375 773 948
811: 43 54 122 320 344 445 593 668
812: 145 252 872 893 985 991 993
813: 56 192 325 345 464 651 976
814: 80 93 329 353 454 483 533 565 589 623 635 716
815: 105 341 615 644 679 712 735 988
816: 1 10 639 842
817: 153 470
818: 139 157 229 340 403 417 610 920
819: 192 226 544 689 691 924 964
820: 233 381 403 406 581 615 685 722 929
821: 78 89 162 205 474 825 906 952
822: 77 693 799 985
823: 13 119 252 374 381 601 700 715 789 793 863
824: 305 356 496 790
825: 128 297 424 581 622 781 821 956 982
826: 16 448 512 761 832 900
827: 267 268 543 573 630
828: 64 84 142 280 323 329 336 442
829: 148 155 163 445 685 871 960
830: 104 389 420 970 984
831: 72 596 623 852
832: 194 456 826 926 955
833: 69 124 346 903 952
834: 32 343 361 499 682 735 913
835: 10 42 287 465 899 934 965 989
836: 77 160 178 244 468
837: 99 137 279 620 781 783 943
838: 102 175 200 206 292 340 452 552 698 804 843
839: 119 254
840: 109 112 130 480 583 861
841: 68 591 629 800
842: 45 161 174 261 367 460 564 623 639 684 785 816 998
843: 108 235 424 744 838 856 925
844: 82 117 326 506 579 887 929 944
845: 375 378 404 589
846: 321 339 354 461 471 519 754 795 804
847: 306 338 497 600 770 977
848: 861 905 911
849: 176 275 405 776 972
850: 131 625 743
851: 8 253 275 306 365 714 732
852: 223 439 477 738 831 955
853: 2 96 210 467 559 754 905 997
854: 47 277 344 349
855: 135 279 346 576 777 863 937
856: 4 86 335 396 443 708 843 997
857: 52 401 456 464 766
858: 334 551 569 890
859: 238 429 455 477
860: 198 242 248 922
861: 111 239 278 301 357 400 403 840 848 997
862: 348 349 654 918
863: 290 758 823 855 963
864: 25 226 405 432 465 566 676 682
865: 143 323 636 662 674 723 787 910 946 949 974
866: 8 506 801 809
867: 200 242 286 705
868: 88 367 428 727
869: 1 11 181 194 278 303 402 451 472 516 621 646
870: 71 154 418 891
871: 81 94 141 292 535 557 588 676 829 941
872: 453 481 518 812
873: 29 625 686 801
874: 93 116 123 174 234 241 306 384 946
875: 18 29 186 296 640 645 653 769 905
876: 307 914
877: 122 453 710 897
878: 28 226 256 314 323 614 690 738
879: 203 352 433 448 471 675 777
880: 15 143 282 339 669 906 997
881: 231 346 546 803 924
882: 193 350 471 896 950
883: 49 225 243 265 445 450 455 520 546 743 748
884: 344 424 705
885: 104 128 557 625 628 641 651
886: 217 386 762
887: 17 95 221 300 331 565 631 662 844 922
888: 197 262 300 488
889: 280 433 456 744 912
890: 7 234 858
891: 350 376 630 870 925
892: 34 498 986
893: 526 606 654 801 812
894: 21 55 648 783 946
895: 31 86 108 138 507 908
896: 70 82 510 529 674 736 806 882
897: 172 240 393 877 992
898: 21 263 357 557 675 741
899: 196 290 517 835
900: 130 545 626 627 826 988
901: 35 168 471 648 699 975
902: 10 124 164 267 315 416 765
903: 724 763 833
904: 149 333 408 417 542 574 651 704 928
905: 24 31 309 336 500 742 848 853 875 927
906: 274 821 880
907: 17 421 460 497 588 703 728 958 988
908: 111 147 149 293 398 446 665 705 730 747 895 964 998
909: 268 309 702 910
910: 279 329 336 483 539 629 865 909
911: 157 250 251 261 566 848
912: 45 203 309 511 658 889
913: 95 204 439 732 738 834
914: 90 308 717 758 876 965
915: 35 55 120 277 391 624
916: 43 85 211 407 689
917: 45 260 323 621
918: 167 573 591 643 862 988
919: 115 224 236 331 384 732 767
920: 48 119 818 935
921: 109 575 699 939 964 999
922: 11 402 422 652 799 860 887
923: 105 424
924: 77 443 723 793 819 881
925: 418 425 495 543 723 843 891
926: 183 346 353 369 654 832
927: 592 905
928: 48 66 110 181 230 629 904
929: 246 606 820 844
930: 214 303 492 537 939
931: 256 367 515
932: 109 510 730
933: 20 27 105 177 313 340 600 680 737 767
934: 116 120 127 147 532 586 835
935: 229 238 451 581 920
936: 381 659
937: 534 591 784 855
938: 426 444 462 569 645 677
939: 315 449 739 921 930
940: 353 510 561 736 982
941: 211 322 344 492 801 871
942: 136 202 446 782
943: 124 129 254 324 410 428 543 598 764 837
944: 239 303 460 547 844
945: 134 741
946: 56 329 467 865 874 894
947: 100 362 400 426 428 551
948: 543 569 688 720 810
949: 74 103 239 486 652 707 865
950: 34 232 281 401 654 882
951: 77 299 459 556 562 568
952: 55 100 306 587 668 821 833
953: 31 99 772
954: 179 183 355 670 693 716
955: 20 40 87 254 433 486 597 832 852
956: 462 466 588 825 957
957: 83 231 686 757 956
958: 177 380 478 802 907 980
959: 22 43 151 427 542 715 787
960: 346 361 829
961: 721 733 788 968
962: 72 87 239 547 797
963: 84 295 308 318 434 741 863
964: 30 60 136 755 819 908 921
965: 31 88 99 101 150 188 680 691 835 914 970
966: 87 344 454
967: 178 233 268 305 412 684
968: 225 461 961
969: 175 360 387
970: 36 229 343 411 467 547 830 965
971: 85 721 783 801
972: 170 228 315 418 428 607 616 639 849
973: 44 160 234 406 589
974: 232 456 647 670 809 865 982
975: 14 83 571 589 606 901
976: 203 334 382 480 481 813
977: 370 505 847 987 988
978: 148 441 707
979: 243 271 404 544 626 724 793 804
980: 186 538 556 660 689 758 804 958
981: 141 272 285 424 513 778
982: 287 399 569 825 940 974
983: 3 123 323 351 529 777
984: 85 129 185 586 747 787 830
985: 50 174 240 508 574 812 822
986: 90 132 487 684 892
987: 343 417 462 528 582 793 977
988: 93 98 115 162 197 218 473 497 642 815 900 907 918 977
989: 226 556 835
990: 639 715 720 751 794
991: 456 460 500 789 812
992: 81 129 344 433 682 763 805 897 999
993: 124 477 812
994: 232 429 519 739 786
995: 15 335 518 747
996: 108 450 466 732
997: 53 94 342 565 611 853 856 861 880
998: 131 158 526 782 842 908
999: 100 174 240 321 338 598 756 921 992
