1000
0: 1 3 472 997 998 999
1: 0 2 3 4 998 999
2: 1 3 5 85 999
3: 0 1 2 4 5 6
4: 1 3 5 6 7
5: 2 3 4 6 7 8
6: 3 4 5 7 8 9 626
7: 4 5 6 9 10 129
8: 5 6 9 10 11
9: 6 7 8 10 11 12
10: 7 8 9 11 12 13
11: 8 9 10 12 13 14
12: 9 10 11 13 14 15
13: 10 11 12 14 15 16
14: 11 12 13 15 16 17 109
15: 12 13 14 16 17 18
16: 13 14 15 18 19 661
17: 14 15 18 19 20
18: 15 16 17 19 20 21
19: 16 17 18 20 21 22
20: 17 18 19 21 22 23
21: 18 19 20 22 23 24
22: 19 20 21 24 25 250
23: 20 21 24 25 26
24: 21 22 23 25 27 891
25: 22 23 24 26 27 28
26: 23 25 27 28 29
27: 24 25 26 29 30 755
28: 25 26 29 30 31
29: 26 27 28 30 31 32
30: 27 28 29 31 32 63 123 877
31: 28 29 30 32 33 34
32: 29 30 31 33 35 280
33: 31 32 34 35 36
34: 31 33 35 36 37
35: 32 33 34 36 37 38 642
36: 33 34 35 37 38 39
37: 34 35 36 38 40 848 876
38: 35 36 37 39 40 41
39: 36 38 40 41 42
40: 37 38 39 41 42 43
41: 38 39 40 42 43 433
42: 39 40 41 43 45 617 853
43: 40 41 42 44 45 46
44: 43 46 58 203
45: 42 43 46 47 48 749
46: 43 44 45 47 48 49
47: 45 46 48 50 437
48: 45 46 47 49 50 51
49: 46 48 50 51 52
50: 47 48 49 51 52 53
51: 48 49 50 52 53 54
52: 49 50 51 53 54 55
53: 50 51 52 54 55 56
54: 51 52 53 55 56 57
55: 52 53 54 56 57 58
56: 53 54 55 57 58 59
57: 54 55 56 58 59 60 934
58: 44 55 56 57 59 60 357
59: 56 57 58 60 61 62
60: 57 58 59 61 62 63 926
61: 59 60 62 63 64
62: 59 60 61 64 65 112
63: 30 60 61 65 66
64: 61 62 65 66 67 223
65: 62 63 64 66 67 68 744
66: 63 64 65 67 68 709
67: 64 65 66 68 69 70 720
68: 65 66 67 69 70 71
69: 67 68 70 71 72
70: 67 68 69 71 72 73
71: 68 69 70 72 73 74 419
72: 69 70 71 73 74 75
73: 70 71 72 74 75 877
74: 71 72 73 75 76 77
75: 72 73 74 76 77 406
76: 74 75 77 79 785 876
77: 74 75 76 78 79 80 249
78: 77 79 80 825
79: 76 77 78 80 81 82
80: 77 78 79 81 82 83
81: 79 80 82 83 84
82: 79 80 81 83 84 85
83: 80 81 82 84 85 86
84: 81 82 83 85 86 87
85: 2 82 83 84 86 87 88
86: 83 84 85 87 88 89
87: 84 85 86 88 89 90
88: 85 86 87 89 90 91
89: 86 87 88 90 91 92
90: 87 88 89 91 92 387
91: 88 89 90 92 93 94
92: 89 90 91 93 95 289 577
93: 91 92 94 95 96
94: 91 93 95 96 989
95: 92 93 94 96 97 98
96: 93 94 95 97 98 99 290
97: 95 96 98 99 100
98: 95 96 97 99 100 101 591
99: 96 97 98 100 101 102 840
100: 97 98 99 101 102 103 374 613
101: 98 99 100 102 103 104 615
102: 99 100 101 103 104 105
103: 100 101 102 104 105 106
104: 101 102 103 105 106 107
105: 102 103 104 106 108 691
106: 103 104 105 107 108 109
107: 104 106 108 109 110
108: 105 106 107 109 110 111 620
109: 14 106 107 108 110 111 754
110: 107 108 109 111 112 113 259 981
111: 108 109 110 112 114 428
112: 62 110 111 113 114 115
113: 110 112 114 115 116
114: 111 112 113 115 116 117
115: 112 113 114 116 117 118
116: 113 114 115 117 118 119
117: 114 115 116 118 119 120 905 922
118: 115 116 117 119 120 121
119: 116 117 118 121 122 903
120: 117 118 121 122 123
121: 118 119 120 123 124 388
122: 119 120 123 124 125
123: 30 120 121 122 124 125 126
124: 121 122 123 126 127 248
125: 122 123 126 127 128
126: 123 124 125 127 128 129
127: 124 125 126 128 129 130
128: 125 126 127 129 130 131
129: 7 126 127 128 130 131 132
130: 127 128 129 131 132 133
131: 128 129 130 132 133 134 780
132: 129 130 131 133 134 135 863
133: 130 131 132 134 135 136
134: 131 132 133 135 136 137
135: 132 133 134 136 137 138 169 349
136: 133 134 135 137 138 139 234
137: 134 135 136 139 140 673
138: 135 136 139 140 141
139: 136 137 138 141 142 895
140: 137 138 142 143 332
141: 138 139 142 144 539 725
142: 139 140 141 144 145 975
143: 140 144 145 146 199
144: 141 142 143 145 146 147 537 766
145: 142 143 144 146 148 501 510
146: 143 144 145 147 148 149
147: 144 146 148 149 150
148: 145 146 147 149 150 151
149: 146 147 148 150 151 152 532
150: 147 148 149 151 152 534
151: 148 149 150 152 153 154
152: 149 150 151 153 154 155 756
153: 151 152 154 155 156
154: 151 152 153 155 156 157 280
155: 152 153 154 156 158 640 861
156: 153 154 155 157 158 159
157: 154 156 158 160 358
158: 155 156 157 159 160 963
159: 156 158 160 161 565
160: 157 158 159 161 162 163
161: 159 160 162 164 722 824
162: 160 161 163 164 165
163: 160 162 164 165 945
164: 161 162 163 165 166 167
165: 162 163 164 166 167 168
166: 164 165 167 168 169
167: 164 165 166 168 170 565
168: 165 166 167 169 170 171
169: 135 166 168 170 172
170: 167 168 169 171 172 173
171: 168 170 172 173 174
172: 169 170 171 173 174 175
173: 170 171 172 174 175 176
174: 171 172 173 175 177 488
175: 172 173 174 176 177 178
176: 173 175 178 179 915
177: 174 175 178 179 180
178: 175 176 177 179 180 181
179: 176 177 178 180 181 182
180: 177 178 179 181 182 183
181: 178 179 180 182 183 184
182: 179 180 181 184 185 758
183: 180 181 184 185 186
184: 181 182 183 185 186 187
185: 182 183 184 186 187 188 495
186: 183 184 185 187 188 189
187: 184 185 186 188 189 190
188: 185 186 187 189 190 191
189: 186 187 188 190 191 192
190: 187 188 189 191 192 193
191: 188 189 190 192 193 194
192: 189 190 191 193 194 195 916
193: 190 191 192 195 196 929
194: 191 192 195 196 197
195: 192 193 194 196 197 198 353
196: 193 194 195 197 199 958
197: 194 195 196 198 200 631
198: 195 197 199 200 201
199: 143 196 198 202 254
200: 197 198 201 202 203
201: 198 200 202 203 204
202: 199 200 201 203 204 205
203: 44 200 201 202 204 205 206
204: 201 202 203 205 206 207
205: 202 203 204 206 207 208
206: 203 204 205 207 208 209
207: 204 205 206 208 210 924
208: 205 206 207 210 211 882
209: 206 210 211 212
210: 207 208 209 211 212 213 470
211: 208 209 210 213 214 559
212: 209 210 213 215 551
213: 210 211 212 214 215 216
214: 211 213 215 216 217 840
215: 212 213 214 216 217 218 280 512 606
216: 213 214 215 217 218 219 640
217: 214 215 216 218 219 220
218: 215 216 217 219 220 221 355
219: 216 217 218 220 221 222
220: 217 218 219 221 222 223
221: 218 219 220 223 224 287 752
222: 219 220 223 224 225
223: 64 220 221 222 225 226 842
224: 221 222 225 226 227
225: 222 223 224 226 227 228 230
226: 223 224 225 227 228 229
227: 224 225 226 228 229 230
228: 225 226 227 229 230 231
229: 226 227 228 230 231 232
230: 225 227 228 229 231 233
231: 228 229 230 232 233 234
232: 229 231 233 234 235
233: 230 231 232 234 235 236
234: 136 231 232 233 235 236
235: 232 233 234 236 237 238
236: 233 234 235 237 238 239
237: 235 236 238 691 857
238: 235 236 237 240 241 721
239: 236 240 241 242
240: 238 239 241 242 243
241: 238 239 240 242 243 244
242: 239 240 241 243 244 473
243: 240 241 242 244 245 280
244: 241 242 243 245 246 247
245: 243 244 246 247 248
246: 244 245 247 248 249
247: 244 245 246 249 316 609
248: 124 245 246 249 250 251
249: 77 246 247 248 251 423
250: 22 248 251 252 253
251: 248 249 250 252 253 254
252: 250 251 253 254 255 657
253: 250 251 252 254 255 256
254: 199 251 252 253 255 256 257
255: 252 253 254 257 258 638
256: 253 254 257 258 259
257: 254 255 256 258 259 260
258: 255 256 257 259 260 261
259: 110 256 257 258 260 262
260: 257 258 259 261 262 263
261: 258 260 262 263 264
262: 259 260 261 264 265 897
263: 260 261 264 265 266
264: 261 262 263 265 266 267 666
265: 262 263 264 266 267 268
266: 263 264 265 267 268 269
267: 264 265 266 268 269 270
268: 265 266 267 269 270 271
269: 266 267 268 270 271 272
270: 267 268 269 271 272 273
271: 268 269 270 272 273 274
272: 269 270 271 273 274 275
273: 270 271 272 274 275 276
274: 271 272 273 275 276 775 788
275: 272 273 274 276 277 782
276: 273 274 275 277 278 279
277: 275 276 278 280 752
278: 276 277 279 280 281
279: 276 278 280 281 282
280: 32 154 215 243 277 278 279 282
281: 278 279 282 283 284
282: 279 280 281 283 284 285
283: 281 282 284 286 350
284: 281 282 283 285 286 287
285: 282 284 286 287 288 498
286: 283 284 285 287 288 289
287: 221 284 285 286 288 289 290
288: 285 286 287 289 290 291
289: 92 286 287 288 290 292
290: 96 287 288 289 291 292
291: 288 290 292 293 294 475
292: 289 290 291 293 294 295
293: 291 292 294 295 296 370
294: 291 292 293 295 296 297
295: 292 293 294 296 297 298
296: 293 294 295 297 298 299
297: 294 295 296 298 300 681 941
298: 295 296 297 299 300 301 580
299: 296 298 300 301 302
300: 297 298 299 301 302 303
301: 298 299 300 302 303 304 887
302: 299 300 301 303 304 305
303: 300 301 302 304 306 529
304: 301 302 303 305 306 307 316
305: 302 304 306 307 534 843
306: 303 304 305 307 308 309
307: 304 305 306 308 309 310
308: 306 307 309 310 311
309: 306 307 308 310 311 312 443
310: 307 308 309 311 312 313
311: 308 309 310 312 313 314
312: 309 310 311 313 314 315
313: 310 311 312 314 315 316
314: 311 312 313 315 316 317
315: 312 313 314 316 317 318
316: 247 304 313 314 315 318 319
317: 314 315 319 320 397 713
318: 315 316 319 321 332
319: 316 317 318 321 322 543 618
320: 317 321 322 323 870
321: 318 319 320 322 323 324
322: 319 320 321 323 324 325
323: 320 321 322 324 325 326
324: 321 322 323 325 326 327 846
325: 322 323 324 326 327 387 494 503
326: 323 324 325 328 329 681
327: 324 325 328 330 541
328: 326 327 329 330 331
329: 326 328 330 331 399
330: 327 328 329 331 562 803
331: 328 329 330 333 334 448
332: 140 318 333 334 335
333: 331 332 334 335 396
334: 331 332 333 335 336 337
335: 332 333 334 336 337 338
336: 334 335 337 338 339
337: 334 335 336 339 340 669
338: 335 336 339 340 341
339: 336 337 338 340 341 342
340: 337 338 339 342 343 926
341: 338 339 342 343 344
342: 339 340 341 343 554 658 908
343: 340 341 342 344 345 346
344: 341 343 345 346 347
345: 343 344 346 347 348 753
346: 343 344 345 347 348 349
347: 344 345 346 348 349 350
348: 345 346 347 349 351 720
349: 135 346 347 348 351 352
350: 283 347 352 353 464
351: 348 349 352 354 471
352: 349 350 351 353 354 355 394 910
353: 195 350 352 355 356
354: 351 352 355 356 357
355: 218 352 353 354 356 357
356: 353 354 355 357 358 359
357: 58 354 355 356 358 359 360
358: 157 356 357 359 360 361
359: 356 357 358 360 361 362
360: 357 358 359 361 362 363
361: 358 359 360 362 363 364
362: 359 360 361 363 364 365
363: 360 361 362 364 365 366
364: 361 362 363 365 366 367
365: 362 363 364 366 367 368
366: 363 364 365 367 368 369
367: 364 365 366 368 369 370
368: 365 366 367 369 370 371
369: 366 367 368 370 371 372
370: 293 367 368 369 371 372
371: 368 369 370 372 373 374 978
372: 369 370 371 373 374 375
373: 371 372 374 375 376 667 912
374: 100 371 372 373 375 377
375: 372 373 374 376 377 378
376: 373 375 377 378 589 792
377: 374 375 376 378 380 400 514
378: 375 376 377 379 380 381
379: 378 380 381 382
380: 377 378 379 381 382 383
381: 378 379 380 382 383 384
382: 379 380 381 383 384 385
383: 380 381 382 384 386 793
384: 381 382 383 385 386 387
385: 382 384 386 387 388
386: 383 384 385 387 388 389
387: 90 325 384 385 386 388 389 390 424
388: 121 385 386 387 390 391 813
389: 386 387 390 391 392 769
390: 387 388 389 391 392 393 512
391: 388 389 390 392 393 394
392: 389 390 391 393 394 395
393: 390 391 392 394 395 396
394: 352 391 392 393 395 397
395: 392 393 394 396 397 398
396: 333 393 395 397 398 399 466
397: 317 394 395 396 398 399 400 897
398: 395 396 397 399 400 401 470
399: 329 396 397 398 401 402 499
400: 377 397 398 401 402 403
401: 398 399 400 402 403 404
402: 399 400 401 403 404 405
403: 400 401 402 404 405 967
404: 401 402 403 405 406 440 735
405: 402 403 404 407 450 737
406: 75 404 407 409 843
407: 405 406 408 409 410
408: 407 409 410 411 569
409: 406 407 408 411 412 567
410: 407 408 411 412 413
411: 408 409 410 413 414 422
412: 409 410 413 414 415
413: 410 411 412 414 415 416 566
414: 411 412 413 415 416 417 814
415: 412 413 414 416 417 418 968
416: 413 414 415 417 418 419
417: 414 415 416 418 419 420
418: 415 416 417 419 420 421
419: 71 416 417 418 420 422
420: 417 418 419 421 422 423
421: 418 420 422 423 424
422: 411 419 420 421 423 424 425
423: 249 420 421 422 424 425 426
424: 387 421 422 423 425 427
425: 422 423 424 426 427 428
426: 423 425 427 428 429
427: 424 425 426 428 429 430
428: 111 425 426 427 429 430 431
429: 426 427 428 430 431 432 489 490
430: 427 428 429 431 432 433
431: 428 429 430 432 433 434
432: 429 430 431 433 434 435
433: 41 430 431 432 434 435 436
434: 431 432 433 435 436 437
435: 432 433 434 436 437 438
436: 433 434 435 437 438 439
437: 47 434 435 436 438 439 440
438: 435 436 437 439 440 441
439: 436 437 438 440 442 781
440: 404 437 438 439 441 442 451
441: 438 440 442 443 444
442: 439 440 441 443 444 445
443: 309 441 442 445 782
444: 441 442 445 446 447
445: 442 443 444 446 447 448
446: 444 445 447 448 449
447: 444 445 446 449 450 968
448: 331 445 446 449 450 554
449: 446 447 448 450 451 452
450: 405 447 448 449 452 453 895
451: 440 449 452 453 553
452: 449 450 451 453 455 956
453: 450 451 452 454 455 756
454: 453 455 456 905
455: 452 453 454 456 458 863
456: 454 455 457 458 459
457: 456 458 459 460
458: 455 456 457 459 460 461
459: 456 457 458 461 462 524
460: 457 458 461 462 463
461: 458 459 460 462 463 464
462: 459 460 461 463 464 465
463: 460 461 462 464 465 466
464: 350 461 462 463 465 466 467
465: 462 463 464 466 467 946
466: 396 463 464 465 467 546
467: 464 465 466 468 469 470
468: 467 469 470 471 601
469: 467 468 470 471 472
470: 210 398 467 468 469 473
471: 351 468 469 472 473 474 539
472: 0 469 471 473 474 475
473: 242 470 471 472 474 475 476
474: 471 472 473 475 476 477
475: 291 472 473 474 477 478 779
476: 473 474 477 478 479
477: 474 475 476 478 480 529
478: 475 476 477 479 481 485
479: 476 478 480 481 482
480: 477 479 481 482 483
481: 478 479 480 483 484 932
482: 479 480 483 484 485 694
483: 480 481 482 484 485 486 966
484: 481 482 483 485 486 487
485: 478 482 483 484 486 487 488 591
486: 483 484 485 487 488 489
487: 484 485 486 488 489 490
488: 174 485 486 487 489 490 491
489: 429 486 487 488 490 492
490: 429 487 488 489 491 720
491: 488 490 492 493 494
492: 489 491 493 494 495 517
493: 491 492 494 495 496
494: 325 491 492 493 495 497
495: 185 492 493 494 498 625
496: 493 498 499 773
497: 494 498 499 500
498: 285 495 496 497 500 501 869
499: 399 496 497 500 501 502
500: 497 498 499 501 502 503
501: 145 498 499 500 502 503
502: 499 500 501 503 504 505
503: 325 500 501 502 506 801
504: 502 505 507 837
505: 502 504 506 508 600
506: 503 505 507 508 509
507: 504 506 508 509 510
508: 505 506 507 509 510 511
509: 506 507 508 510 512 657
510: 145 507 508 509 511 512 513
511: 508 510 512 513 514
512: 215 390 509 510 511 513
513: 510 511 512 514 515 516
514: 377 511 513 515 516
515: 513 514 516 517 518
516: 513 514 515 517 518 519
517: 492 515 516 518 520
518: 515 516 517 519 520 521
519: 516 518 520 521 522
520: 517 518 519 521 522 523
521: 518 519 520 522 523 524
522: 519 520 521 523 524 525
523: 520 521 522 524 525 526
524: 459 521 522 523 525 526 527
525: 522 523 524 526 527 528
526: 523 524 525 527 528 529
527: 524 525 526 528 529 530
528: 525 526 527 529 530 531
529: 303 477 526 527 528 530 531 532
530: 527 528 529 531 532 533
531: 528 529 530 532 533 534
532: 149 529 530 531 533 535
533: 530 531 532 534 535 536
534: 150 305 531 533 535 536 537
535: 532 533 534 536 537 538
536: 533 534 535 537 538 539
537: 144 534 535 536 538 540 575
538: 535 536 537 539 540 541
539: 141 471 536 538 541
540: 537 538 541 543 933
541: 327 538 539 540 542 543 544
542: 541 543 544 545
543: 319 540 541 542 544 546
544: 541 542 543 545 546 547 768
545: 542 544 546 547 548 809
546: 466 543 544 545 547 548 549 594
547: 544 545 546 548 549 550
548: 545 546 547 549 550 551
549: 546 547 548 550 551 552 866
550: 547 548 549 551 552 553
551: 212 548 549 550 552 554 691
552: 549 550 551 553 554 555
553: 451 550 552 554 555 556
554: 342 448 551 552 553 555 556 557
555: 552 553 554 556 557 558
556: 553 554 555 557 558 559 610
557: 554 555 556 558 559 560
558: 555 556 557 559 560 561
559: 211 556 557 558 560 561 562
560: 557 558 559 561 562 563
561: 558 559 560 562 563 564
562: 330 559 560 561 563 564 860
563: 560 561 562 564 565 566
564: 561 562 563 565 566 567
565: 159 167 563 564 566 567 568
566: 413 563 564 565 567 746
567: 409 564 565 566 568 569 570
568: 565 567 569 570 571
569: 408 567 568 570 571
570: 567 568 569 571 572 573 933
571: 568 569 570 572 573 574
572: 570 571 573 574 575
573: 570 571 572 574 575 576 773
574: 571 572 573 575 576 577
575: 537 572 573 574 576 578
576: 573 574 575 577 578 579
577: 92 574 576 578 579 580 641
578: 575 576 577 579 580 581
579: 576 577 578 580 581 582
580: 298 577 578 579 581 582
581: 578 579 580 582 583 584
582: 579 580 581 584 585 616
583: 581 584 585 586
584: 581 582 583 585 586 587
585: 582 583 584 586 587 588
586: 583 584 585 587 588 589
587: 584 585 586 588 589 590
588: 585 586 587 589 590 591
589: 376 586 587 588 590 591 944
590: 587 588 589 591 592 593
591: 98 485 588 589 590 594
592: 590 593 594 839 886
593: 590 592 594 595 596
594: 546 591 592 593 595 604 883
595: 593 594 596 597 598
596: 593 595 598 599 918
597: 595 598 599 600
598: 595 596 597 599 600 601
599: 596 597 598 600 601 602
600: 505 597 598 599 601 602 680
601: 468 598 599 600 604 906
602: 599 600 603 604 605
603: 602 604 605 606
604: 594 601 602 603 605 606 664
605: 602 603 604 606 608 787
606: 215 603 604 605 607 609
607: 606 608 609 610
608: 605 607 609 610 611
609: 247 606 607 608 610 611 612
610: 556 607 608 609 611 612
611: 608 609 610 612 613 653
612: 609 610 611 613 615 986
613: 100 611 612 615 616
614: 615 616 617 652
615: 101 612 613 614 616 618
616: 582 613 614 615 617 618 619
617: 42 614 616 618 619
618: 319 615 616 617 619 620 621
619: 616 617 618 620 621 622
620: 108 618 619 621 923
621: 618 619 620 622 623 624
622: 619 621 623 624 625
623: 621 622 624 625 626
624: 621 622 623 625 626 627
625: 495 622 623 624 626 627 628
626: 6 623 624 625 627 629
627: 624 625 626 628 629 630
628: 625 627 629 630 631
629: 626 627 628 630 631 632
630: 627 628 629 631 632 834
631: 197 628 629 630 632 633 634
632: 629 630 631 633 634 635
633: 631 632 634 635 636
634: 631 632 633 635 636 637
635: 632 633 634 636 637 638
636: 633 634 635 637 638 639
637: 634 635 636 638 639 640
638: 255 635 636 637 639 640 834
639: 636 637 638 640 642 841 899
640: 155 216 637 638 639 641
641: 577 640 642 644
642: 35 639 641 644 645
643: 644 645 646
644: 641 642 643 645 646 647
645: 642 643 644 646 647 648
646: 643 644 645 647 648 649
647: 644 645 646 648 649 650
648: 645 646 647 649 650 651
649: 646 647 648 650 651 652
650: 647 648 649 652 653 757
651: 648 649 652 653 654
652: 614 649 650 651 654 655
653: 611 650 651 654 655 656
654: 651 652 653 655 656 657
655: 652 653 654 656 657 658
656: 653 654 655 657 658 659
657: 252 509 654 655 656 659 660
658: 342 655 656 659 660 661
659: 656 657 658 660 661 662
660: 657 658 659 661 662 663
661: 16 658 659 660 662 663 664
662: 659 660 661 664 665 750 773
663: 660 661 664 665 666 887
664: 604 661 662 663 665 666
665: 662 663 664 666 667 668
666: 264 663 664 665 667 669
667: 373 665 666 668 670
668: 665 667 669 670 671
669: 337 666 668 670 672 803
670: 667 668 669 671 672 673
671: 668 670 672 673 674
672: 669 670 671 673 674 675
673: 137 670 671 672 674 675 676 757
674: 671 672 673 676 677 961
675: 672 673 676 677 678 790
676: 673 674 675 677 678 679
677: 674 675 676 678 679 680
678: 675 676 677 679 680 681
679: 676 677 678 680 682 809
680: 600 677 678 679 681 682 683 807
681: 297 326 678 680 682 683 684
682: 679 680 681 683 684 685
683: 680 681 682 684 685 686
684: 681 682 683 685 686 687
685: 682 683 684 686 687 688
686: 683 684 685 687 688 689
687: 684 685 686 688 689 690
688: 685 686 687 689 690 691
689: 686 687 688 691 692 768
690: 687 688 691 692 693
691: 105 237 551 688 689 690 692 693 694
692: 689 690 691 694 695 916
693: 690 691 694 695 696
694: 482 691 692 693 696 697
695: 692 693 696 697 698 995
696: 693 694 695 697 698 699 829
697: 694 695 696 698 699 700
698: 695 696 697 699 700 701
699: 696 697 698 700 701 702
700: 697 698 699 701 702 703 927
701: 698 699 700 702 703 704
702: 699 700 701 703 704 705 856
703: 700 701 702 704 705 706 872
704: 701 702 703 705 706 707
705: 702 703 704 706 707 708 724
706: 703 704 705 707 708 709
707: 704 705 706 708 709 710
708: 705 706 707 709 710 711
709: 66 706 707 708 710 711 712
710: 707 708 709 711 712 713
711: 708 709 710 712 713 714
712: 709 710 711 713 714 715
713: 317 710 711 712 714 715
714: 711 712 713 715 716 717
715: 712 713 714 717 718 809 985
716: 714 717 718 719
717: 714 715 716 718 719 720
718: 715 716 717 719 720 721
719: 716 717 718 720 721 722
720: 67 348 490 717 718 719 722 723
721: 238 718 719 722 723 724
722: 161 719 720 721 723 724 725
723: 720 721 722 724 725 726
724: 705 721 722 723 725 726
725: 141 722 723 724 726 727 728
726: 723 724 725 727 728 729
727: 725 726 728 729 730
728: 725 726 727 729 730 731
729: 726 727 728 730 731 732
730: 727 728 729 731 733 844
731: 728 729 730 732 733 734
732: 729 731 733 734 735
733: 730 731 732 734 735 736
734: 731 732 733 735 736 737
735: 404 732 733 734 736 738
736: 733 734 735 737 738 739
737: 405 734 736 738 739 740
738: 735 736 737 739 740 741
739: 736 737 738 740 741 742
740: 737 738 739 741 742 743
741: 738 739 740 742 743 744
742: 739 740 741 743 744 745
743: 740 741 742 744 745 746
744: 65 741 742 743 746 747
745: 742 743 746 747 748
746: 566 743 744 745 747 748 749
747: 744 745 746 748 749 750
748: 745 746 747 749 750 751
749: 45 746 747 748 750 752
750: 662 747 748 749 751 753
751: 748 750 752 754 926
752: 221 277 749 751 754 755
753: 345 750 754 756
754: 109 751 752 753 755 757 804
755: 27 752 754 756 757 758
756: 152 453 753 755 758 759
757: 650 673 754 755 759 760
758: 182 755 756 759 761 964
759: 756 757 758 760 761 762
760: 757 759 761 762 763
761: 758 759 760 762 763 764 827
762: 759 760 761 763 764 765
763: 760 761 762 764 765 766
764: 761 762 763 765 766 767
765: 762 763 764 766 767 768
766: 144 763 764 765 767 768 892
767: 764 765 766 768 769 770
768: 544 689 765 766 767 769 770
769: 389 767 768 770 771
770: 767 768 769 771 772 773
771: 769 770 772 773 774 832
772: 770 771 773 774 775
773: 496 573 662 770 771 772 775 776
774: 771 772 775 776 777 810
775: 274 772 773 774 777 778 894
776: 773 774 777 778 779
777: 774 775 776 778 779 780
778: 775 776 777 779 781 881
779: 475 776 777 778 780 781
780: 131 777 779 781 782
781: 439 778 779 780 782 783 784
782: 275 443 780 781 783 784 785
783: 781 782 784 785 786
784: 781 782 783 785 786 787
785: 76 782 783 784 787 788
786: 783 784 787 788 789
787: 605 784 785 786 788 789 790
788: 274 785 786 787 789 790 791
789: 786 787 788 790 791 792
790: 675 787 788 789 791 793
791: 788 789 790 792 793 794
792: 376 789 791 793 794
793: 383 790 791 792 794 795 796
794: 791 792 793 795 796 797
795: 793 794 796 797 798
796: 793 794 795 797 798 799
797: 794 795 796 798 799 800
798: 795 796 797 799 800 801
799: 796 797 798 800 801 802
800: 797 798 799 801 802 803
801: 503 798 799 800 802 803 804
802: 799 800 801 803 804 805
803: 330 669 800 801 802 804 805 806
804: 754 801 802 803 805 806
805: 802 803 804 806 807 808 834
806: 803 804 805 807 808 809 896
807: 680 805 806 808 810
808: 805 806 807 809 810 811
809: 545 679 715 806 808 811 812 892
810: 774 807 808 811 812
811: 808 809 810 812 813 814
812: 809 810 811 813 814 815
813: 388 811 812 814 815 816
814: 414 811 812 813 815 816
815: 812 813 814 816 817 818
816: 813 814 815 817 818 819
817: 815 816 818 819 820
818: 815 816 817 819 820 821
819: 816 817 818 820 821 822
820: 817 818 819 821 823 874
821: 818 819 820 822 823 824
822: 819 821 823 824 825
823: 820 821 822 824 825 826
824: 161 821 822 823 825 826
825: 78 822 823 824 826 827 828
826: 823 824 825 827 828 829
827: 761 825 826 828 829
828: 825 826 827 829 830 831
829: 696 826 827 828 830 831
830: 828 829 831 832 833
831: 828 829 830 832 833 834
832: 771 830 831 833 834
833: 830 831 832 834 835 836
834: 630 638 805 831 832 833 835 836
835: 833 834 836 837 838
836: 833 834 835 837 838 839
837: 504 835 836 838 839 840
838: 835 836 837 839 840 841
839: 592 836 837 838 840 841 842
840: 99 214 837 838 839 842
841: 639 838 839 842 843
842: 223 839 840 841 843 844
843: 305 406 841 842 844 845
844: 730 842 843 845 846 847
845: 843 844 846 847 848
846: 324 844 845 848 849
847: 844 845 848 849 850
848: 37 845 846 847 849 850
849: 846 847 848 850 851 852
850: 847 848 849 851 852 991
851: 849 850 852 853 854
852: 849 850 851 853 854 855
853: 42 851 852 854 855 856
854: 851 852 853 855 856 857
855: 852 853 854 856 858 903
856: 702 853 854 855 857 859
857: 237 854 856 858 859 860
858: 855 857 859 860 861
859: 856 857 858 860 861 862
860: 562 857 858 859 861 862 863
861: 155 858 859 860 862 863 864
862: 859 860 861 863 864 865
863: 132 455 860 861 862 866 982 992
864: 861 862 865 866 867
865: 862 864 866 867 868
866: 549 863 864 865 867 869
867: 864 865 866 868 869 870
868: 865 867 869 870 871
869: 498 866 867 868 870 871
870: 320 867 868 869 872 873
871: 868 869 872 873 874
872: 703 870 871 873 875 919
873: 870 871 872 874 875 876
874: 820 871 873 875 876 877
875: 872 873 874 876 877 878
876: 37 76 873 874 875 877 878 879
877: 30 73 874 875 876 879 936
878: 875 876 879 880 881
879: 876 877 878 880 881 882
880: 878 879 881 882 883
881: 778 878 879 880 882 883 884
882: 208 879 880 881 883 884 885
883: 594 880 881 882 884 885 886
884: 881 882 883 885 886 887
885: 882 883 884 886 887 888
886: 592 883 884 885 887 888
887: 301 663 884 885 886 889
888: 885 886 889 890 891
889: 887 888 890 891 892
890: 888 889 891 892 893
891: 24 888 889 890 892 893 894
892: 766 809 889 890 891 895
893: 890 891 894 895 896
894: 775 891 893 896 897
895: 139 450 892 893 896 897 898
896: 806 893 894 895 898 899
897: 262 397 894 895 900 972
898: 895 896 899 900 901
899: 639 896 898 900 901 902
900: 897 898 899 901 902 903
901: 898 899 900 902 903 904
902: 899 900 901 903 904 905
903: 119 855 900 901 902 904 905 906
904: 901 902 903 905 906 907
905: 117 454 902 903 904 906 908
906: 601 903 904 905 907 908 909 914
907: 904 906 908 909 910
908: 342 905 906 907 910 911
909: 906 907 910 911 912
910: 352 907 908 909 911 913
911: 908 909 910 912 913 914
912: 373 909 911 913 914
913: 910 911 912 914 915 916
914: 906 911 912 913 915 917
915: 176 913 914 916 917 918
916: 192 692 913 915 917 918
917: 914 915 916 918 919 920
918: 596 915 916 917 919 920 921
919: 872 917 918 920 922
920: 917 918 919 921 922 923
921: 918 920 922 923 924
922: 117 919 920 921 924 925
923: 620 920 921 924 925 926
924: 207 921 922 923 925 926 927
925: 922 923 924 926 927 928
926: 60 340 751 923 924 925 928 929
927: 700 924 925 928 929
928: 925 926 927 929 930 931
929: 193 926 927 928 930 931 932
930: 928 929 931 932 933
931: 928 929 930 932 933 934
932: 481 929 930 931 933 934 935
933: 540 570 930 931 932 934 936
934: 57 931 932 933 935 936
935: 932 934 936 937 938
936: 877 933 934 935 937 938 939
937: 935 936 938 939 940
938: 935 936 937 939 940 941
939: 936 937 938 940 941 942
940: 937 938 939 941 942 943
941: 297 938 939 940 942 943
942: 939 940 941 943 944 945
943: 940 941 942 944 945 946
944: 589 942 943 945 946 947
945: 163 942 943 944 946 947 948
946: 465 943 944 945 947 948 949
947: 944 945 946 948 949 950
948: 945 946 947 949 950 951
949: 946 947 948 950 951 952
950: 947 948 949 951 952 953
951: 948 949 950 952 953 954
952: 949 950 951 953 954 955
953: 950 951 952 954 955 956
954: 951 952 953 955 956 957
955: 952 953 954 956 957 958
956: 452 953 954 955 957 958 959
957: 954 955 956 958 959 960
958: 196 955 956 957 959 960 961
959: 956 957 958 960 961 962
960: 957 958 959 961 962 963
961: 674 958 959 960 962 963 964
962: 959 960 961 963 964 965
963: 158 960 961 962 964 965 966
964: 758 961 962 963 965 966 967
965: 962 963 964 966 967 968
966: 483 963 964 965 967 968
967: 403 964 965 966 968 969 970
968: 415 447 965 966 967 969 970
969: 967 968 970 971 972
970: 967 968 969 971 972 973
971: 969 970 972 973 974
972: 897 969 970 971 973 974 975
973: 970 971 972 974 975 976
974: 971 972 973 975 976 977
975: 142 972 973 974 976 977 978
976: 973 974 975 977 978 979
977: 974 975 976 978 979 980
978: 371 975 976 977 979 981
979: 976 977 978 980 981 982
980: 977 979 981 982 983
981: 110 978 979 980 983 984
982: 863 979 980 983 984 985
983: 980 981 982 984 985 986
984: 981 982 983 985 986 987
985: 715 982 983 984 987 988
986: 612 983 984 987 988 989
987: 984 985 986 988 989 990
988: 985 986 987 989 990 991
989: 94 986 987 988 990 991 992
990: 987 988 989 991 992 993
991: 850 988 989 990 992 993 994
992: 863 989 990 991 994 995
993: 990 991 994 995 996
994: 991 992 993 995 996 997
995: 695 992 993 994 996 998
996: 993 994 995 997 998 999
997: 0 994 996 998 999
998: 0 1 995 996 997 999
999: 0 1 2 996 997 998
