1000
0: 1 2 3 4 5 7 8 9 10 11 14 15 16 17 22 31 32 33 35 39 40 50 59 61 66 76 84 86 91 92 93 100 107 110 126 127 142 153 158 159 169 190 198 199 203 228 261 288 302 304 323 336 358 365 408 416 429 436 456 506 510 511 516 517 541 573 580 586 612 632 643 662 714 731 794 829 855 859 887 922 952 958 966 991
1: 0 4 5 8 9 12 15 21 28 29 30 31 33 38 43 62 63 69 73 76 93 95 98 104 106 145 164 182 199 200 217 219 230 231 251 257 285 294 318 338 386 454 460 469 481 484 491 494 502 534 539 653 674 739 741 755 762 763 768 789 822 852 906 911 965
2: 0 4 5 6 7 9 12 16 19 22 25 26 36 37 41 46 48 52 55 57 59 60 64 65 67 69 80 87 97 99 117 120 140 152 165 181 184 190 192 201 209 215 231 240 262 276 280 289 290 303 309 311 342 355 376 377 395 398 409 410 453 460 469 475 506 511 527 531 540 550 562 583 596 607 610 695 777 812 837 863 900 984
3: 0 11 61 298 350 492
4: 0 1 2 6 16 24 53 65 96 111 140 174 175 183 217 255 277 284 308 379 432 610 639 649 733 737 749 814 910
5: 0 1 2 6 7 8 10 13 14 17 18 23 24 27 30 36 38 39 43 50 71 72 73 79 80 86 89 92 94 99 100 105 108 110 111 112 113 121 125 130 132 133 137 141 142 148 150 156 167 177 179 189 192 197 207 211 212 222 226 229 233 238 241 248 254 263 264 272 274 279 280 289 290 291 302 333 343 348 351 360 364 366 378 392 438 461 470 493 511 524 581 584 585 602 611 629 641 647 650 658 667 672 676 697 702 720 722 746 768 775 802 816 825 837 839 891 894 898 902 921 944 945 953 963 977 979 993
6: 2 4 5 61 102 116 159 212 336 358 470 593 677 684 774 854 888
7: 0 2 5 10 15 18 20 27 40 67 81 103 113 122 137 138 146 158 174 206 215 222 265 268 275 295 312 396 426 444 531 549 648 669 722 783 797 828 869 896 971 999
8: 0 1 5 11 12 13 43 45 49 53 54 58 69 77 81 82 85 87 88 101 112 147 184 187 201 208 214 218 237 278 299 331 368 413 416 448 482 499 507 513 534 536 554 573 574 606 653 679 700 709 712 736 792 841 850 866 880 885 937
9: 0 1 2 14 18 21 27 38 72 105 120 152 158 204 223 253 254 285 332 354 391 474 477 483 539 557 623 625 644 731 742 757 786 806 820 830 856 913 933 957
10: 0 5 7 26 51 104 127 149 156 164 183 225 318 324 369 390 405 492 640 747 774 928 960 963 979
11: 0 3 8 20 32 42 46 47 48 49 62 66 71 78 97 98 116 121 162 172 196 205 226 253 296 301 317 325 356 363 369 378 380 384 471 474 485 514 515 559 570 583 607 628 746 750 781 802 846 862 873 885 889 890 929 943 946
12: 1 2 8 13 20 21 25 29 35 41 44 56 60 65 66 77 78 79 90 92 114 115 147 149 157 161 185 232 269 272 283 288 292 317 323 326 345 359 368 418 468 488 489 505 521 528 542 543 547 611 618 624 652 706 710 724 753 771 776 787 814 860 875 881 897 917 950 982 996
13: 5 8 12 23 35 40 223 240 309 312 313 362 400 497 600 672 687 744 839 849 908 917
14: 0 5 9 19 29 51 56 83 114 144 189 584 637 715 736 774 798 833
15: 0 1 7 17 19 23 44 55 141 145 150 210 211 288 330 345 558 784 844 858 953
16: 0 2 4 26 28 210 293 347 482 604 620 901 995
17: 0 5 15 28 152 164 253 261 320 329 336 345 574 613 634 637 800 886 912 935
18: 5 7 9 22 37 84 168 178 185 221 229 242 243 274 360 370 371 420 519 640 666 688 803 812 925
19: 2 14 15 30 32 82 112 115 138 178 235 241 480 496 542 586 598 610 625 695 823 832 934 973 999
20: 7 11 12 47 148 562 867
21: 1 9 12 103 139 146 173 197 203 219 238 370 545 753 831 875
22: 0 2 18 24 34 42 47 52 57 128 160 165 166 180 188 198 204 207 216 219 220 283 300 301 308 329 335 355 364 387 400 421 442 457 472 494 508 522 527 530 544 554 602 632 643 748 832 839 905 909 911 929 944
23: 5 13 15 51 85 93 167 284 358 382 396 417 581 617 884 926
24: 4 5 22 25 33 87 107 114 118 147 202 271 275 386 409 480 619 628 669 683 699 761 769 821 922
25: 2 12 24 31 42 44 45 68 100 281 351 376 443 636 688 691 732 778
26: 2 10 16 34 46 64 67 81 83 175 332 453 548 594 819 957
27: 5 7 9 34 36 37 41 55 64 90 106 116 122 129 155 166 170 184 328 382 389 432 481 544 552 654 665 702 725 793 861 915 959 995
28: 1 16 17 39 48 70 74 157 245 258 380 389 482 522 566 697 799
29: 1 12 14 50 53 63 75 88 99 115 135 137 160 213 217 230 260 269 388 406 543 687 692 699 760 782 864 937 939 950 992
30: 1 5 19 444
31: 0 1 25 49 57 146 241 282 379 520 546 876 900 919 956 988
32: 0 11 19 123 128 160 262 383 466 519 690 738 763 883
33: 0 1 24 54 58 101 109 156 168 279 321 372 445 485 512 759
34: 22 26 27 101 123 125 127 148 170 286 300 475 504 524 752
35: 0 12 13 704 806
36: 2 5 27 45 54 59 111 203 431 452 540 689 775 910
37: 2 18 27 74 151 277 298 303 400 540 552 629 989
38: 1 5 9 78 528 571 587 742 875 878 938
39: 0 5 28 106 338 739 772 910
40: 0 7 13 293 450 592
41: 2 12 27 102 330
42: 11 22 25 62 97 109 172 212 303 305 357 372 384 427 548 575 632 668 819 987
43: 1 5 8 77 121 142 224 424 468 487 513 537 596 740 753 784 796 827 859 867 968
44: 12 15 25 52 68 75 90 120 124 133 171 183 223 236 283 285 322 388 407 419 501 522 575 585 592 634 650 658 759 813 836 843 897
45: 8 25 36 83 128 131 287 439 541 773 861 870
46: 2 11 26 79 119 153 176 210 239 244 306 328 342 723 907 916 985
47: 11 20 22 102 150 214 282 346 422 447 493 535 654 671 678 750
48: 2 11 28 56 58 105 134 166 188 206 247 342 348 369 489 518
49: 8 11 31 68 73 86 154 163 182 204 436 458 483 588 697 809 872 928
50: 0 5 29 60 63 71 149 177 178 367 385 471 553 596 600 758 855
51: 10 14 23 126 129 133 226 259 273 350 370 377 563 569 734
52: 2 22 44 95 173 225 245 267 294 319 458 497 498 549 609 619 881
53: 4 8 29 118 837
54: 8 33 36 157 186 213 244 255 305 344 488 492 594 630 737 854 939
55: 2 15 27 85 118 252 510 525 675 680 785 982
56: 12 14 48 70 76 82 91 94 110 162 171 196 198 246 267 271 316 340 346 371 399 476 581 590 612 820 832 906
57: 2 22 31 75 316 486 530 598
58: 8 33 48 89 130 182 265 268 314 423 478 546 608 709 758 890 945
59: 0 2 36 84 96 113 123 170 195 298 374 684 903
60: 2 12 50 261 334 335 431 453 646 742 769 806 810
61: 0 3 6 80 139 188 191 256 674
62: 1 11 42 70 720
63: 1 29 50 88 94 361
64: 2 26 27 281 931
65: 2 4 12 124 173 243
66: 0 11 12 242 311 320 814
67: 2 7 26 74 375 538 550 556 824
68: 25 44 49 186 189 220 316 324 328 507 568 603 639 795 819
69: 1 2 8 103 107 243 258 320 356 398 407 412 414 428 532 640 720 776
70: 28 56 62 72 91 119 171 176 268 299 385 446 479 713 723 735 767
71: 5 11 50 95 155 538 563 645 657 863
72: 5 9 70 392
73: 1 5 49 849
74: 28 37 67 174 508 740
75: 29 44 57 108 135 143 284 297 376 425 444 625 715 736 739 867 947
76: 0 1 56 151 176 199 271 417 662 719
77: 8 12 43 134 187 279 455 462 484 682 821
78: 11 12 38 143 154 237 745 764
79: 5 12 46 135 155 335 346 387 477 535 670 713 921 992
80: 2 5 61 208 560 579 591 743 780 871 886
81: 7 8 26 119 277 302 380 426 452 683 718 830 853 953
82: 8 19 56
83: 14 26 45 132 134 141 262 407 593 791 831 923
84: 0 18 59 122 250 416 551 772 790 805 830
85: 8 23 55 89 96 125 179 251 448 659 703 822 829
86: 0 5 49 202 240
87: 2 8 24
88: 8 29 63 108 530 618 794 848
89: 5 58 85 239 321 339 368 516 592 838 851 852 967 970
90: 12 27 44 180 187 207 209 218 239 287 294 326 334 393 449 523 558 589 636 685 745 900
91: 0 56 70 126 383
92: 0 5 12 163 529 638 708 785
93: 0 1 23 104 124 353 393 526
94: 5 56 63 181 250 301 404 635 773 972
95: 1 52 71 98 131 154 248 249 273 314 382 393 434 512 532 535 626 633 700 933 942 963
96: 4 59 85 344 507 654
97: 2 11 42 117 143 222 409 512 576 698 710 828
98: 1 11 95 671 813
99: 2 5 29 186 252 274 461 679 708 801 889
100: 0 5 25 193 256 410
101: 8 33 34 109 136 179 197 281 384 401 595 649 709 764 848 879
102: 6 41 47 870
103: 7 21 69 145 169 446 487 673 718
104: 1 10 93 399 427 515 729 746 749 834 978
105: 5 9 48 200 689
106: 1 27 39 132 215 235
107: 0 24 69 151 471 995
108: 5 75 88 117 136 251 350 415 419 509 568 660 703 788 797 815
109: 33 42 101 192 201 292 571 701 721 744 908
110: 0 5 56 429 921
111: 4 5 36 930 940
112: 5 8 19 172 424 622 826
113: 5 7 59 200 202 221 228 321 332 436 467 497 551 557 616 656 675 780
114: 12 14 24 484 644 652
115: 12 19 29 403 411 441 454 618 699 805 838 926 960
116: 6 11 27 131 153 161 168 191 272 297 399 515 531 660 800
117: 2 97 108 244 247 683
118: 24 53 55 319 324 651 798 871
119: 46 70 81 586 711 826
120: 2 9 44
121: 5 11 43 363 518 603 692
122: 7 27 84 234 304 354 413 594
123: 32 34 59 233 678
124: 44 65 93 129 264 331 465 547 606 730 816 888 992
125: 5 34 85 130 136 260 435
126: 0 51 91 180 263 306 310 359 392 403 538 623 680 708 729 892 923
127: 0 10 34 353 359 375 388 622 844 899
128: 22 32 45 177 194 227 234 259 362 424 434 604 714 793 840 866 869
129: 27 51 124 681
130: 5 58 125 138 139 194 314 341 349 969
131: 45 95 116 196 225 259 361 576
132: 5 83 106 162 193 389 920
133: 5 44 51 140 218 300 412 589
134: 48 77 83 229 734 747
135: 29 75 79 185
136: 101 108 125 766 941
137: 5 7 29 144 905 925
138: 7 19 130 159 220 422
139: 21 61 130 167 267 295 343
140: 2 4 133 420 984
141: 5 15 83 144 194 228 307 405 537 769 777 799 862 895
142: 0 5 43 385 667 752
143: 75 78 97 163 608 853 924
144: 14 137 141 205 257 362 412 691 909
145: 1 15 103 161 928
146: 7 21 31 352 836
147: 8 12 24 169 191 372 606 726 954 975
148: 5 20 34 286 348 375 624
149: 10 12 50 927
150: 5 15 47 165 214 311 325 337 361 421 430 445 462 630 644 647 783 787 849 857 869 981 998
151: 37 76 107 446 601
152: 2 9 17 252 296 297
153: 0 46 116 231 304 503 609 899
154: 49 78 95 264 567 777
155: 27 71 79
156: 5 10 33 456
157: 12 28 54 289 315 418 913
158: 0 7 9 934
159: 0 6 138 666 750
160: 22 29 32 238 641
161: 12 116 145 232 256 260 717 980 997
162: 11 56 132 666 670
163: 49 92 143 295 868
164: 1 10 17 181 286 498 503 505 551 790 792 938
165: 2 22 150 232 333 519 565 737 884 923
166: 22 27 48 403
167: 5 23 139 175 365 583 642
168: 18 33 116 247 693
169: 0 103 147 751 896
170: 27 34 59 396
171: 44 56 70 848
172: 11 42 112 378 421 433
173: 21 52 65 206 452 645
174: 4 7 74 754
175: 4 26 167 801
176: 46 70 76 340 411 466 846 955
177: 5 50 128 807
178: 18 19 50 249 367 732 914
179: 5 85 101 310 323 500 504 730
180: 22 90 126 365 432 445 513
181: 2 94 164 195 221 236 278 305 307 327 442 500 550 591 661 706 951
182: 1 49 58 495
183: 4 10 44 245
184: 2 8 27 246 318 402 877
185: 12 18 135 394 660
186: 54 68 99 190 242 266 333 898
187: 8 77 90 236 309 387 536 723 808 851 973
188: 22 48 61 327 338 455 463
189: 5 14 68 451 817 949 966
190: 0 2 186 195 337 501 559 764 894
191: 61 116 147 193 209 278 379
192: 2 5 109 266 366 674 845 996
193: 100 132 191 296 414 604 993
194: 128 130 141 341 656
195: 59 181 190 523 684
196: 11 56 131 496 504
197: 5 21 101 208 216 224 293 343 437 686
198: 0 22 56 234 326 352 552
199: 0 1 76 216 373 441 490 549
200: 1 105 113 936
201: 2 8 109 257 418 485 638 663 701 707 982
202: 24 86 113 266
203: 0 21 36 205 521 616
204: 9 22 49 211 227 395 426 459 508 587 634 653 755 990
205: 11 144 203 727
206: 7 48 173 290 322
207: 5 22 90 254 315 371 408 462 595 636 646 802
208: 8 80 197 459 539 824
209: 2 90 191 213 233 250 270 329 391 557 569 571 577 771 823 880
210: 15 16 46 367 411 578 747 945
211: 5 15 204 694 988
212: 5 6 42 249 291 773 891 967
213: 29 54 209 779 842
214: 8 47 150 891
215: 2 7 106
216: 22 197 199 390
217: 1 4 29 287 410 564 682 889
218: 8 90 133 476 601 903
219: 1 21 22 269 413 711 919
220: 22 68 138 224 235 255 313 930
221: 18 113 181 248 451 641
222: 5 7 97 614 626 649 704 877 902
223: 9 13 44 291 327 425 599 731 805
224: 43 197 220 227 587 801
225: 10 52 131 280 306 310 325 427 602 791
226: 5 11 51 337 464 633
227: 128 204 224 237
228: 0 113 141 265 349 397 479 521 526 534 566 629 663 812 932
229: 5 18 134 230 246 955
230: 1 29 229 529
231: 1 2 153 308 473 517 615 630 987
232: 12 161 165 383
233: 5 123 209 263
234: 122 128 198 258 344 857
235: 19 106 220
236: 44 181 187 276 374 442 533 555 627 655
237: 8 78 227 377 765 872
238: 5 21 160 648
239: 46 89 90
240: 2 13 86 730 786
241: 5 19 31 440 770 947 993
242: 18 66 186 525 568
243: 18 65 69 292 349 502 658 822 863 983
244: 46 54 117 313 390 677 850
245: 28 52 183 700 840 939
246: 56 184 229 595 661 707 727 766 897
247: 48 117 168 275 481 623 756 835
248: 5 95 221 401 402
249: 95 178 212 273 276 429
250: 84 94 209 408 457 572 681
251: 1 85 108 307 560
252: 55 99 152 356 834 916
253: 9 11 17 312 319 357 439 440 459 579 881
254: 5 9 207 299 430 912
255: 4 54 220 352 516 864 944
256: 61 100 161 351 678
257: 1 144 201 505 651 665
258: 28 69 234 898
259: 51 128 131 465
260: 29 125 161 423 562 565
261: 0 17 60 270 434 913 915
262: 2 32 83 353
263: 5 126 233 270 461 670
264: 5 124 154 394 460 584
265: 7 58 228 391 489 673 725 735 878
266: 186 192 202 566 620 916 981
267: 52 56 139 686 719
268: 7 58 70 315 882
269: 12 29 219 282 487
270: 209 261 263
271: 24 56 76 360 449 486 545
272: 5 12 116 455 825
273: 51 95 249
274: 5 18 99
275: 7 24 247 317
276: 2 236 249
277: 4 37 81 437 690 810
278: 8 181 191 394
279: 5 33 77 417 438 491 496 526
280: 2 5 225 364
281: 25 64 101 381 573 980
282: 31 47 269 439 810
283: 12 22 44 796
284: 4 23 75 406 469 501 561 575 599 671
285: 1 9 44
286: 34 148 164 341 494 661 698 989
287: 45 90 217 689 781 952
288: 0 12 15
289: 2 5 157 808 850
290: 2 5 206 331 334 425 440 451 755
291: 5 212 223 357
292: 12 109 243 386 907
293: 16 40 197 590
294: 1 52 90 428
295: 7 139 163
296: 11 152 193 468 761
297: 75 116 152 322 582
298: 3 37 59 464 951 978
299: 8 70 254 415 458 464 467 488 509 520 694 843
300: 22 34 133 555 853
301: 11 22 94 499 593 716 842
302: 0 5 81 397
303: 2 37 42 363 373 470 767
304: 0 122 153 420 518 635
305: 42 54 181 800
306: 46 126 225 355
307: 141 181 251 473
308: 4 22 231
309: 2 13 187 732
310: 126 179 225
311: 2 66 150 978
312: 7 13 253 374 651 829
313: 13 220 244
314: 58 95 130 347 547 574 597 760 886
315: 157 207 268 655
316: 56 57 68 339 405 899 975
317: 11 12 275 946
318: 1 10 184 546 567 637
319: 52 118 253
320: 17 66 69 398
321: 33 89 113 330 339 354 693 706 715 721
322: 44 206 297
323: 0 12 179 456
324: 10 68 118 664
325: 11 150 225
326: 12 90 198 498 631 682 725
327: 181 188 223 435 478 554 631 677 740 749
328: 27 46 68
329: 17 22 209 404 545 686 703
330: 15 41 321 792 901 949
331: 8 124 290 347 961
332: 9 26 113 449 588 793
333: 5 165 186 366 437 448 503 543
334: 60 90 290 645
335: 22 60 79 808 968
336: 0 6 17 340
337: 150 190 226 406 486 985
338: 1 39 188 580 868
339: 89 316 321 373 876
340: 56 176 336
341: 130 194 286 915
342: 2 46 48 743
343: 5 139 197 402 422 428
344: 54 96 234 381 423 713
345: 12 15 17
346: 47 56 79 430
347: 16 314 331 525
348: 5 48 148 942
349: 130 228 243 466 655 918
350: 3 51 108 465 478 612 811
351: 5 25 256 510 833 968 977
352: 146 198 255
353: 93 127 262 443
354: 9 122 321 435 585 796 903
355: 2 22 306 397 404 577 976
356: 11 69 252 542 673 817 948
357: 42 253 291
358: 0 6 23 433
359: 12 126 127 491 608 662 705
360: 5 18 271 559 997
361: 63 131 150
362: 13 128 144 843
363: 11 121 303 506 847
364: 5 22 280
365: 0 167 180 564 598 600 614 647 763 874
366: 5 192 333
367: 50 178 210 652
368: 8 12 89 381 438 476
369: 10 11 48 450 472 621 638 827 852
370: 18 21 51 541 990
371: 18 56 207 781
372: 33 42 147 560 579
373: 199 303 339
374: 59 236 312 977
375: 67 127 148
376: 2 25 75 975
377: 2 51 237 570 578 719 857
378: 5 11 172
379: 4 31 191
380: 11 28 81
381: 281 344 368 395 617 667 798
382: 23 27 95 500 639 821
383: 32 91 232
384: 11 42 101 685 956 981
385: 50 70 142 433 528 615 887 893
386: 1 24 292 635
387: 22 79 187 480
388: 29 44 127 728
389: 27 28 132
390: 10 216 244 493
391: 9 209 265 401 463 621 724 816 860
392: 5 72 126 431
393: 90 93 95
394: 185 264 278 607 614
395: 2 204 381 828
396: 7 23 170 842 918 948
397: 228 302 355 419 450 502 620 676
398: 2 69 320 490 704
399: 56 104 116
400: 13 22 37 685 786
401: 101 248 391 475 922
402: 184 248 343 524 833 846 952
403: 115 126 166 414 536 979
404: 94 329 355 698 955
405: 10 141 316 447 601 696 809 858 914 971
406: 29 284 337
407: 44 69 83 483 523 854 883
408: 0 207 250
409: 2 24 97
410: 2 100 217 415
411: 115 176 210 563 656 803
412: 69 133 144 474 605 643 760 827 980
413: 8 122 219
414: 69 193 403
415: 108 299 410 454 472 520 754
416: 0 8 84
417: 23 76 279 743
418: 12 157 201 514 879
419: 44 108 397
420: 18 140 304
421: 22 150 172 473 517 572 665 754
422: 47 138 343 920
423: 58 260 344
424: 43 112 128 441 477 882
425: 75 223 290 770
426: 7 81 204 443 463 495 627 663 962
427: 42 104 225 553 789 865
428: 69 294 343
429: 0 110 249 537 572 985
430: 150 254 346 570 622 738 934 941
431: 36 60 392
432: 4 27 180 532 717
433: 172 358 385
434: 95 128 261 467
435: 125 327 354
436: 0 49 113 904
437: 197 277 333 914
438: 5 279 368 533 744
439: 45 253 282 924
440: 241 253 290 447 759 959 967 983
441: 115 199 424 457
442: 22 181 236 590 718 949
443: 25 353 426
444: 7 30 75
445: 33 150 180 865
446: 70 103 151
447: 47 405 440 795 936 970
448: 8 85 333 999
449: 90 271 332
450: 40 369 397
451: 189 221 290 695 705 757 804
452: 36 81 173
453: 2 26 60 514 751 958
454: 1 115 415
455: 77 188 272
456: 0 156 323
457: 22 250 441
458: 49 52 299 741 772 892
459: 204 208 253
460: 1 2 264 937
461: 5 99 263 918
462: 77 150 207 533 616
463: 188 391 426
464: 226 298 299 932 990
465: 124 259 350 724 847
466: 32 176 349 499 565
467: 113 299 434 789
468: 12 43 296
469: 1 2 284 605
470: 5 6 303 479 509 745 883
471: 11 50 107 588 603 765
472: 22 369 415
473: 231 307 421 558 876 895
474: 9 11 412
475: 2 34 401
476: 56 218 368 591 835
477: 9 79 424 548
478: 58 327 350 490 712 815
479: 70 228 470
480: 19 24 387 529 668 712
481: 1 27 247 580
482: 8 16 28 561 569 578 650 657 693 696 717 728 858 969
483: 9 49 407 986
484: 1 77 114 882
485: 11 33 201 561 613
486: 57 271 337
487: 43 103 269
488: 12 54 299 495
489: 12 48 265
490: 199 398 478 605
491: 1 279 359 642
492: 3 10 54 779
493: 5 47 390 787
494: 1 22 286 710
495: 182 426 488 757 904
496: 19 196 279
497: 13 52 113 771
498: 52 164 326 589 856 987
499: 8 301 466 609 761
500: 179 181 382
501: 44 190 284 619
502: 1 243 397
503: 153 164 333 956
504: 34 179 196 631 727
505: 12 164 257
506: 0 2 363 872
507: 8 68 96 840
508: 22 74 204
509: 108 299 470
510: 0 55 351 527
511: 0 2 5 556
512: 33 95 97
513: 8 43 180 544 784 964
514: 11 418 453 728 969
515: 11 104 116
516: 0 89 255
517: 0 231 421
518: 48 121 304
519: 18 32 165 553 935 971
520: 31 299 415 961
521: 12 203 228
522: 22 28 44 555 597 879
523: 90 195 407 767
524: 5 34 402 768 972
525: 55 242 347 664 735 831 929
526: 93 228 279
527: 2 22 510 694
528: 12 38 385 905
529: 92 230 480 733 838 909
530: 22 57 88
531: 2 7 116 668 942
532: 69 95 432 748
533: 236 438 462
534: 1 8 228 664 958
535: 47 79 95
536: 8 187 403
537: 43 141 429
538: 67 71 126 775 807
539: 1 9 208
540: 2 36 37 567 599
541: 0 45 370 564 626 973
542: 12 19 356 582
543: 12 29 333
544: 22 27 513 611 711
545: 21 271 329 924
546: 31 58 318 933
547: 12 124 314 959
548: 26 42 477
549: 7 52 199 659
550: 2 67 181 729
551: 84 113 164 690
552: 27 37 198 902
553: 50 427 519 646 738 901
554: 8 22 327 556 823
555: 236 300 522 617 621 633
556: 67 511 554 577 659 783
557: 9 113 209 943
558: 15 90 473 861
559: 11 190 360 741 962 986
560: 80 251 372 680
561: 284 482 485
562: 2 20 260 597
563: 51 71 411
564: 217 365 541 991
565: 165 260 466 726 878 974
566: 28 228 266 721 778 791 826 925 976
567: 154 318 540 691
568: 68 108 242 818
569: 51 209 482 576 688
570: 11 377 430 701 803
571: 38 109 209
572: 250 421 429 954
573: 0 8 281
574: 8 17 314 582 868
575: 42 44 284
576: 97 131 569 776
577: 209 355 556
578: 210 377 482
579: 80 253 372 780
580: 0 338 481
581: 5 23 56
582: 297 542 574 818 951
583: 2 11 167 961
584: 5 14 264 642 702 733
585: 5 44 354 809 880
586: 0 19 119
587: 38 204 224 675
588: 49 332 471 762
589: 90 133 498 628 770
590: 56 293 442 627 911 930 974
591: 80 181 476
592: 40 44 89 679 964
593: 6 83 301
594: 26 54 122
595: 101 207 246 615
596: 2 43 50
597: 314 522 562 613 716 907
598: 19 57 365 811
599: 223 284 540 722
600: 13 50 365 917
601: 151 218 405
602: 5 22 225
603: 68 121 471 855
604: 16 128 193
605: 412 469 490
606: 8 124 147
607: 2 11 394 817
608: 58 143 359 908
609: 52 153 499 874
610: 2 4 19
611: 5 12 544
612: 0 56 350
613: 17 485 597
614: 222 365 394
615: 231 385 595 676
616: 113 203 462
617: 23 381 555
618: 12 88 115 648
619: 24 52 501 624 714 752 782
620: 16 266 397
621: 369 391 555
622: 112 127 430
623: 9 126 247
624: 12 148 619
625: 9 19 75
626: 95 222 541 894
627: 236 426 590
628: 11 24 589 669 935
629: 5 37 228
630: 54 150 231
631: 326 327 504 874
632: 0 22 42
633: 95 226 555
634: 17 44 204
635: 94 304 386 997
636: 25 90 207 657
637: 14 17 318
638: 92 201 369
639: 4 68 382
640: 10 18 69 672 960
641: 5 160 221 705
642: 167 491 584 687
643: 0 22 412 847
644: 9 114 150 931
645: 71 173 334
646: 60 207 553
647: 5 150 365 748
648: 7 238 618 994
649: 4 101 222 707
650: 5 44 482 681 804 820 865
651: 118 257 312
652: 12 114 367 976
653: 1 8 204
654: 27 47 96
655: 236 315 349 841
656: 113 194 411 927
657: 71 482 636 726 797
658: 5 44 243 790
659: 85 549 556 873 940
660: 108 116 185 835 862
661: 181 246 286
662: 0 76 359
663: 201 228 426 943 974
664: 324 525 534 948
665: 27 257 421
666: 18 159 162
667: 5 142 381
668: 42 480 531
669: 7 24 628 892
670: 79 162 263
671: 47 98 284 994
672: 5 13 640
673: 103 265 356 834 912
674: 1 61 192
675: 55 113 587
676: 5 397 615 896
677: 6 244 327
678: 47 123 256
679: 8 99 592 692 696 804 845
680: 55 126 560
681: 129 250 650
682: 77 217 326
683: 24 81 117
684: 6 59 195
685: 90 384 400
686: 197 267 329 756 758 893
687: 13 29 642 811
688: 18 25 569 751
689: 36 105 287
690: 32 277 551 815 871
691: 25 144 567
692: 29 121 679
693: 168 321 482
694: 211 299 527 991
695: 2 19 451
696: 405 482 679
697: 5 28 49 756 884
698: 97 286 404 788
699: 24 29 115
700: 8 95 245
701: 109 201 570
702: 5 27 584
703: 85 108 329
704: 35 222 398 906 998
705: 359 451 641 941
706: 12 181 321
707: 201 246 649 716
708: 92 99 126
709: 8 58 101
710: 12 97 494 966
711: 119 219 544
712: 8 478 480 734 870
713: 70 79 344 788
714: 0 128 619
715: 14 75 321 888 931
716: 301 597 707
717: 161 432 482 765
718: 81 103 442
719: 76 267 377
720: 5 62 69 940
721: 109 321 566
722: 5 7 599 957
723: 46 70 187
724: 12 391 465 794 893 965
725: 27 265 326
726: 147 565 657
727: 205 246 504 936
728: 388 482 514
729: 104 126 550 782
730: 124 179 240
731: 0 9 223 795 920
732: 25 178 309
733: 4 529 584
734: 51 134 712
735: 70 265 525 778 932
736: 8 14 75
737: 4 54 165 813
738: 32 430 553
739: 1 39 75 996
740: 43 74 327
741: 1 458 559
742: 9 38 60
743: 80 342 417
744: 13 109 438 779
745: 78 90 470
746: 5 11 104
747: 10 134 210 841 904 998
748: 22 532 647 864 926 938
749: 4 104 327
750: 11 47 159
751: 169 453 688 825
752: 34 142 619
753: 12 21 43 766
754: 174 415 421
755: 1 204 290 877
756: 247 686 697 986
757: 9 451 495
758: 50 58 686
759: 33 44 440
760: 29 314 412 762 785 807
761: 24 296 499
762: 1 588 760
763: 1 32 365
764: 78 101 190
765: 237 471 717
766: 136 246 753
767: 70 303 523
768: 1 5 524
769: 24 60 141
770: 241 425 589 845
771: 12 209 497
772: 39 84 458 866
773: 45 94 212
774: 6 10 14
775: 5 36 538 799
776: 12 69 576 860
777: 2 141 154
778: 25 566 735
779: 213 492 744
780: 80 113 579 851
781: 11 287 371
782: 29 619 729
783: 7 150 556
784: 15 43 513
785: 55 92 760
786: 9 240 400
787: 12 150 493
788: 108 698 713 964
789: 1 427 467
790: 84 164 658
791: 83 225 566
792: 8 164 330
793: 27 128 332 946
794: 0 88 724
795: 68 447 731
796: 43 283 354
797: 7 108 657
798: 14 118 381 824 836
799: 28 141 775 844
800: 17 116 305
801: 99 175 224
802: 5 11 207 994
803: 18 411 570
804: 451 650 679
805: 84 115 223
806: 9 35 60 895
807: 177 538 760
808: 187 289 335
809: 49 405 585
810: 60 277 282
811: 350 598 687
812: 2 18 228 818
813: 44 98 737 919 947 962
814: 4 12 66
815: 108 478 690
816: 5 124 391
817: 189 356 607
818: 568 582 812
819: 26 42 68
820: 9 56 650
821: 24 77 382 890
822: 1 85 243
823: 19 209 554
824: 67 208 798
825: 5 272 751 856
826: 112 119 566
827: 43 369 412
828: 7 97 395
829: 0 85 312
830: 9 81 84
831: 21 83 525
832: 19 22 56
833: 14 351 402
834: 104 252 673 859 887
835: 247 476 660
836: 44 146 798
837: 2 5 53
838: 89 115 529
839: 5 13 22 950 972
840: 128 245 507
841: 8 655 747
842: 213 301 396
843: 44 299 362
844: 15 127 799
845: 192 679 770
846: 11 176 402
847: 363 465 643
848: 88 101 171
849: 13 73 150
850: 8 244 289 954
851: 89 187 780 965
852: 1 89 369
853: 81 143 300
854: 6 54 407
855: 0 50 603
856: 9 498 825
857: 150 234 377
858: 15 405 482
859: 0 43 834
860: 12 391 776
861: 27 45 558 873
862: 11 141 660
863: 2 71 243
864: 29 255 748
865: 427 445 650 989
866: 8 128 772
867: 20 43 75
868: 163 338 574 983
869: 7 128 150
870: 45 102 712
871: 80 118 690
872: 49 237 506 984
873: 11 659 861
874: 365 609 631
875: 12 21 38
876: 31 339 473
877: 184 222 755
878: 38 265 565
879: 101 418 522 885
880: 8 209 585
881: 12 52 253
882: 268 424 484
883: 32 407 470
884: 23 165 697
885: 8 11 879
886: 17 80 314
887: 0 385 834
888: 6 124 715
889: 11 99 217
890: 11 58 821
891: 5 212 214
892: 126 458 669
893: 385 686 724
894: 5 190 626
895: 141 473 806
896: 7 169 676
897: 12 44 246
898: 5 186 258
899: 127 153 316
900: 2 31 90
901: 16 330 553
902: 5 222 552 927
903: 59 218 354
904: 436 495 747
905: 22 137 528
906: 1 56 704
907: 46 292 597 970
908: 13 109 608
909: 22 144 529
910: 4 36 39
911: 1 22 590
912: 17 254 673
913: 9 157 261
914: 178 405 437
915: 27 261 341
916: 46 252 266
917: 12 13 600
918: 349 396 461
919: 31 219 813
920: 132 422 731
921: 5 79 110
922: 0 24 401
923: 83 126 165
924: 143 439 545
925: 18 137 566
926: 23 115 748
927: 149 656 902
928: 10 49 145
929: 11 22 525
930: 111 220 590
931: 64 644 715
932: 228 464 735
933: 9 95 546
934: 19 158 430
935: 17 519 628
936: 200 447 727
937: 8 29 460
938: 38 164 748
939: 29 54 245
940: 111 659 720
941: 136 430 705
942: 95 348 531
943: 11 557 663
944: 5 22 255
945: 5 58 210
946: 11 317 793
947: 75 241 813
948: 356 396 664
949: 189 330 442
950: 12 29 839
951: 181 298 582
952: 0 287 402
953: 5 15 81
954: 147 572 850
955: 176 229 404
956: 31 384 503
957: 9 26 722
958: 0 453 534
959: 27 440 547
960: 10 115 640
961: 331 520 583
962: 426 559 813
963: 5 10 95
964: 513 592 788
965: 1 724 851
966: 0 189 710
967: 89 212 440
968: 43 335 351
969: 130 482 514
970: 89 447 907
971: 7 405 519
972: 94 524 839
973: 19 187 541
974: 565 590 663
975: 147 316 376
976: 355 566 652
977: 5 351 374 988
978: 104 298 311
979: 5 10 403
980: 161 281 412
981: 150 266 384
982: 12 55 201
983: 243 440 868
984: 2 140 872
985: 46 337 429
986: 483 559 756
987: 42 231 498
988: 31 211 977
989: 37 286 865
990: 204 370 464
991: 0 564 694
992: 29 79 124
993: 5 193 241
994: 648 671 802
995: 16 27 107
996: 12 192 739
997: 161 360 635
998: 150 704 747
999: 7 19 448
