0 125
0 395
2 549
2 930
3 527
4 116
4 365
4 512
5 249
7 215
8 353
9 766
9 864
11 40
11 522
11 975
13 174
13 179
13 319
13 798
13 915
14 593
15 198
15 468
17 147
17 908
18 499
18 759
21 95
21 319
22 538
23 651
24 116
24 528
27 152
28 632
30 61
30 229
30 271
33 368
33 558
35 568
35 593
38 499
40 892
42 152
42 515
42 882
43 439
43 961
44 116
44 256
44 917
46 734
47 585
49 162
51 167
54 829
56 607
57 321
58 840
59 869
60 365
60 601
63 70
63 449
63 706
67 961
68 524
69 107
69 305
70 594
72 788
73 76
73 868
75 954
77 755
81 401
81 507
82 537
82 835
83 96
83 217
83 489
83 534
87 970
89 285
89 304
91 492
94 118
94 593
94 772
95 488
98 119
101 635
102 401
103 176
103 322
103 354
103 427
106 159
106 939
107 973
108 196
109 718
110 610
110 790
112 825
113 760
116 344
116 519
116 830
120 563
120 740
121 240
121 994
123 439
123 849
124 170
126 130
126 710
130 511
130 718
131 231
133 820
139 150
141 465
142 856
143 314
143 424
143 891
145 352
145 620
147 569
149 431
149 790
151 186
151 459
151 523
154 924
155 268
156 620
157 752
158 818
159 423
159 454
160 910
161 687
162 196
164 377
168 249
169 348
172 363
172 406
172 490
174 489
175 724
177 870
178 381
178 388
179 188
179 744
180 464
181 725
185 601
186 637
186 748
190 415
191 442
191 663
191 747
191 851
192 307
192 558
193 900
194 354
195 287
198 246
198 392
200 539
200 608
206 395
208 330
210 624
211 236
214 908
215 857
217 364
218 588
219 739
220 305
220 982
224 493
227 870
228 436
229 415
240 886
241 682
241 765
243 430
243 498
244 919
245 713
246 901
249 638
250 312
250 579
250 767
250 996
251 952
253 832
254 959
256 624
259 372
260 987
265 640
266 713
268 745
269 307
272 950
272 971
280 872
283 486
285 311
285 513
285 888
286 591
288 333
288 880
289 368
289 491
290 852
291 542
291 934
291 940
293 457
293 462
294 805
297 628
297 781
301 506
302 679
302 995
303 831
305 636
305 661
308 627
312 595
312 704
312 826
312 978
314 560
317 768
320 642
321 373
322 591
323 452
323 503
325 335
325 347
326 370
327 652
328 822
330 789
331 694
331 718
332 351
332 902
333 335
335 565
336 836
336 970
337 844
339 884
342 472
343 626
346 491
352 821
353 590
354 460
354 785
355 389
355 831
356 779
358 434
360 669
361 403
362 392
363 709
364 707
365 559
368 721
369 713
369 868
370 564
372 491
372 556
375 519
376 631
376 633
376 684
377 410
377 523
381 974
382 872
384 712
386 723
387 743
388 546
390 654
392 955
393 468
394 973
400 748
402 529
405 494
405 773
405 904
408 585
410 429
410 475
410 570
412 668
412 887
416 514
416 571
417 638
423 439
423 769
425 998
433 895
436 609
438 885
444 934
448 543
448 624
450 749
451 650
451 781
452 716
453 546
454 886
457 484
458 530
460 528
460 635
460 749
460 754
460 845
460 870
462 469
462 931
464 860
465 798
466 883
470 704
471 888
474 989
478 919
479 631
483 684
494 525
498 805
498 868
499 967
500 752
502 609
506 543
506 718
508 901
510 709
514 765
516 854
519 766
520 859
525 820
525 823
527 562
539 925
540 928
543 747
543 812
544 838
546 872
547 937
551 623
551 736
551 980
554 968
557 568
557 587
558 708
562 764
567 657
569 729
572 725
572 944
572 982
573 754
575 698
575 843
575 963
576 851
577 617
579 942
580 897
587 590
592 909
598 757
601 621
603 630
604 828
605 645
608 747
611 853
613 720
624 847
624 970
625 708
627 890
630 723
631 828
632 857
633 980
636 920
642 695
649 766
654 761
664 924
664 950
667 689
668 686
671 969
673 889
679 960
684 997
689 937
694 717
695 744
702 733
708 901
709 987
712 834
720 956
724 877
727 813
728 842
730 763
732 792
735 920
740 983
742 796
745 849
746 769
758 887
778 826
780 873
786 882
792 969
797 947
799 864
803 859
825 882
837 896
837 991
849 890
854 909
860 978
863 948
865 951
866 939
866 947
878 921
889 994
899 985
913 954
922 973
944 961
945 956
